14:31:20.314 ->   -792,   2168,  16500, 19.35,    824,    363,   -277
14:31:20.412 ->  -1224,   2116,  17724, 19.49,    541,    873,    411
14:31:20.531 ->   -656,   2312,  17324, 19.40,     91,    457,    214
14:31:20.631 ->   -844,   2604,  17384, 19.45,    397,   1857,    -67
14:31:20.731 ->    576,   2616,  16528, 19.35,    625,   1718,  -1017
14:31:20.848 ->  -2668,   2052,  17272, 19.31,   -264,    206,  -1012
14:31:20.948 ->  -1480,   2780,  18172, 19.40,   1283,   -331,  -1121
14:31:21.048 ->  -1276,   2828,  15988, 19.40,    939,   -186,  -1147
14:31:21.141 ->  -1464,   3224,  16172, 19.54,    516,  -1032,   -361
14:31:21.235 ->  -4072,   3608,  19128, 19.45,   -995,  -1059,    407
14:31:21.348 ->   -104,   3656,  17436, 19.49,     -9,   1251,   -973
14:31:21.449 ->  -1152,   3364,  20684, 19.45,    829,   1381,  -1127
14:31:21.550 ->  -1380,   2696,  18948, 19.35,  -1376,   3291,  -1037
14:31:21.649 ->  -3540,   2104,  17288, 19.45,   -795,   -192,  -1907
14:31:21.765 ->  -2680,   2716,  18284, 19.49,   -136,     -9,    208
14:31:21.899 ->  -3908,   2200,  17024, 19.49,   1275,   -757,   -866
14:31:21.965 ->  -1064,   2984,  17644, 19.45,   -552,   -459,   -547
14:31:22.081 ->  -3092,   3716,  17636, 19.45,    577,   -322,     27
14:31:22.209 ->  -1584,   3088,  20136, 19.49,    174,   -341,   -685
14:31:22.291 ->  -2724,   3196,  15076, 19.40,   -315,   -803,   1644
14:31:22.390 ->  -1612,   2436,  16548, 19.49,   -755,  -1705,   1825
14:31:22.484 ->  -1212,   2824,  16864, 19.49,    482,   -410,    313
14:31:22.616 ->   -544,   3304,  18168, 19.45,    325,     13,    156
14:31:22.683 ->  -2552,   2976,  17952, 19.40,   -517,   -464,   1622
14:31:22.783 ->  -3772,   3652,  15004, 19.49,  -1228,   2164,   -442
14:31:22.900 ->  -3264,   3040,  16276, 19.49,    -42,   -279,    285
14:31:23.000 ->  -4236,   3044,  16440, 19.40,  -2354,   1255,    205
14:31:23.099 ->  -2612,   4028,  17328, 19.54,  -1173,   -638,   2017
14:31:23.200 ->  -2308,   3884,  19936, 19.45,   -512,  -1551,    919
14:31:23.334 ->    -64,   4116,  19364, 19.54,   -151,  -1863,   2130
14:31:23.401 ->   -804,   4112,  18044, 19.49,    454,  -1951,   1523
14:31:23.517 ->   -556,   4140,  18608, 19.40,   -226,   1802,   1833
14:31:23.634 ->    312,   4460,  17332, 19.45,   -349,   2822,   1571
14:31:23.750 ->   -972,   2704,  17108, 19.45,     27,   3365,    448
14:31:23.834 ->    552,   3420,  16008, 19.45,    -59,   1647,   1473
14:31:23.917 ->    812,   3328,  15816, 19.49,  -2190,   1012,    994
14:31:24.034 ->   -500,   3792,  13836, 19.40,  -1351,   1491,   -521
14:31:24.134 ->   -676,   4040,  17436, 19.49,    430,   -489,     71
14:31:24.251 ->    128,   3708,  19380, 19.45,   1001,  -1662,  -2489
14:31:24.334 ->  -1392,   2256,  19848, 19.54,    -62,   -485,  -1835
14:31:24.451 ->    912,   2980,  15212, 19.59,   -950,    678,  -2784
14:31:24.551 ->  -1004,   3128,  15856, 19.49,   -474,   -500,  -1869
14:31:24.667 ->  -1240,   3920,  15796, 19.54,    347,   -132,  -2584
14:31:24.768 ->   -844,   3860,  17844, 19.49,   1163,    806,  -1697
14:31:24.868 ->   -800,   2404,  22104, 19.49,   -362,    689,  -2329
14:31:24.968 ->  -2304,   2100,  17832, 19.59,   -433,   -609,   2216
14:31:25.051 ->  -2740,   2432,  15060, 19.54,  -1543,   -173,    766
14:31:25.151 ->   -344,   3428,  14704, 19.45,    148,   -638,   -577
14:31:25.285 ->    792,   3216,  18736, 19.59,    720,   -817,  -3427
14:31:25.384 ->  -3188,    644,  20876, 19.59,   -641,    963,  -4879
14:31:25.485 ->  -2136,   1900,  17616, 19.54,   -705,   -214,  -2748
14:31:25.568 ->  -1848,   2720,  13968, 19.59,  -1376,   1198,  -2986
14:31:25.685 ->   1324,   4176,  15528, 19.49,    489,   -575,  -1459
14:31:25.801 ->   -348,   3832,  21524, 19.45,   2941,  -1393,  -3195
14:31:25.901 ->  -2180,    836,  25556, 19.49,   -515,   -224,  -1757
14:31:26.001 ->  -2188,   1688,  18376, 19.49,   -538,  -2042,   1121
14:31:26.102 ->  -1896,   1912,  14536, 19.45,   -221,    145,    -23
14:31:26.202 ->  -1456,   3208,  15516, 19.40,    453,    348,   -691
14:31:26.302 ->  -2240,   2660,  20148, 19.40,   1877,    753,  -1889
14:31:26.419 ->  -3392,   1336,  21808, 19.49,  -2069,    551,  -3023
14:31:26.519 ->  -1980,   1328,  18036, 19.45,   -746,   2159,     24
14:31:26.619 ->  -1732,   2752,  14148, 19.45,   -271,   1936,  -1780
14:31:26.719 ->  -1900,   3304,  13496, 19.45,   -275,  -1257,   -686
14:31:26.819 ->  -1392,   4396,  19060, 19.49,   1749,   -426,   -376
14:31:26.921 ->   -888,   3376,  21048, 19.40,  -1368,   1285,   -859
14:31:27.015 ->  -3156,   1892,  17072, 19.45,  -2348,   -739,   1657
14:31:27.108 ->  -1488,   2016,  16988, 19.45,  -1567,    655,    -54
14:31:27.249 ->   -328,   3472,  15124, 19.49,   1393,    270,   -756
14:31:27.343 ->  -2408,   3112,  18684, 19.40,   1068,   -336,  -3224
14:31:27.436 ->  -4612,   1112,  23276, 19.35,  -2307,   1620,  -2601
14:31:27.536 ->  -1012,   3352,  16760, 19.54,   -901,  -1165,    397
14:31:27.653 ->   -436,   3140,  13888, 19.40,  -1075,   -276,   -768
14:31:27.754 ->   -892,   2932,  15512, 19.40,    349,  -1024,    243
14:31:27.853 ->   -316,   4876,  19708, 19.45,   1490,  -1096,  -2362
14:31:27.952 ->  -3204,   2880,  22264, 19.40,   -739,    765,   -289
14:31:28.063 ->   -916,   2492,  17788, 19.49,  -2394,  -1288,   1544
14:31:28.151 ->   -236,   2936,  14444, 19.35,   -717,    114,   -739
14:31:28.273 ->    284,   3716,  13816, 19.35,    813,    -74,    228
14:31:28.375 ->  -1828,   3392,  18464, 19.40,   1637,    -82,  -1266
14:31:28.466 ->  -2492,   2512,  20824, 19.49,  -2288,  -1200,  -3510
14:31:28.590 ->  -1956,   2980,  18240, 19.40,   -556,    216,  -1785
14:31:28.678 ->   1244,   3660,  15268, 19.35,  -1768,    772,  -1649
14:31:28.779 ->   -568,   3764,  13688, 19.35,    675,    -55,    178
14:31:28.882 ->     12,   4520,  17776, 19.40,   2010,     69,    843
14:31:28.980 ->   -544,   4792,  15524, 19.45,    902,   1734,    969
14:31:29.075 ->  -1432,   3448,  19220, 19.35,   -918,    304,   1819
14:31:29.171 ->   -208,   2888,  15276, 19.40,  -1576,    393,    178
14:31:29.278 ->    296,   3752,  12892, 19.31,    525,    794,   1043
14:31:29.410 ->    956,   4480,  15924, 19.31,   1396,    206,   -237
14:31:29.504 ->   1372,   4460,  17572, 19.31,   -301,   -233,  -1197
14:31:29.598 ->  -2048,   3784,  18732, 19.31,  -1082,    833,  -1337
14:31:29.742 ->    740,   3312,  15200, 19.35,  -3665,   1344,    -38
14:31:29.787 ->   -816,   3248,  14292, 19.45,   -370,    156,   1375
14:31:29.935 ->   -448,   4396,  17308, 19.31,   1457,    240,    954
14:31:30.018 ->   -256,   4092,  17784, 19.26,   1766,    904,   1716
14:31:30.113 ->  -2560,   3080,  17940, 19.35,   -995,   1747,    578
14:31:30.240 ->    828,   3200,  16312, 19.31,  -1967,      5,    847
14:31:30.334 ->  -1464,   3016,  15336, 19.31,   1017,  -1585,   2057
14:31:30.416 ->  -1060,   3688,  14852, 19.40,   1887,  -1679,   1356
14:31:30.537 ->  -2432,   4048,  20464, 19.26,   1524,    -86,   1023
14:31:30.638 ->   1884,   3944,  19124, 19.26,   -872,    738,  -1681
14:31:30.720 ->   -500,   2696,  15172, 19.31,  -1091,   -125,   -867
14:31:30.855 ->  -2020,   3228,  15264, 19.31,   -686,    605,  -1004
14:31:30.938 ->   -164,   4336,  16696, 19.35,    886,     12,   -187
14:31:31.055 ->  -2616,   4308,  17052, 19.40,   1572,   -185,   1214
14:31:31.135 ->  -2896,   2172,  20252, 19.21,  -2028,   1777,    675
14:31:31.238 ->   -908,   2512,  16960, 19.21,  -1489,  -2086,   2443
14:31:31.355 ->  -1956,   2240,  16924, 19.26,    107,   -631,    369
14:31:31.472 ->  -3236,   2932,  17148, 19.26,   1459,   -642,    431
14:31:31.559 ->  -3356,   2744,  19464, 19.31,   3008,   -110,  -1013
14:31:31.672 ->    164,   4036,  20068, 19.26,  -1962,    919,   -998
14:31:31.756 ->    608,   2720,  16384, 19.26,  -1433,    542,   -738
14:31:31.874 ->     24,   3180,  15144, 19.31,   -561,    -18,   -898
14:31:31.963 ->  -1332,   3024,  17572, 19.17,    433,    739,  -1038
14:31:32.056 ->  -2724,   3320,  19540, 19.21,   2396,   -599,   1067
14:31:32.174 ->  -2096,   2052,  21804, 19.21,    183,  -1163,   1281
14:31:32.309 ->  -3588,   1108,  17088, 19.17,  -1494,   -992,    619
14:31:32.407 ->  -2572,   1044,  17744, 19.12,  -2286,   1273,    252
14:31:32.506 ->  -1224,   2888,  13420, 19.21,    210,    618,   1107
14:31:32.606 ->  -1088,   3192,  17704, 19.21,    739,   -519,   -748
14:31:32.691 ->  -1296,   2392,  21456, 19.26,  -1458,     51,  -2098
14:31:32.809 ->  -1280,   1492,  19524, 19.26,     38,   -109,  -1055
14:31:32.907 ->    896,   3316,  14200, 19.21,   -233,    728,  -1450
14:31:32.993 ->    -32,   3328,  12564, 19.12,    535,    382,   1083
14:31:33.101 ->   -360,   4684,  17760, 19.17,   1078,   1081,    626
14:31:33.207 ->   -132,   3816,  18888, 19.26,     24,    963,    899
14:31:33.306 ->  -1172,   3048,  19556, 19.31,  -2092,   -433,   1505
14:31:33.420 ->   -180,   2808,  14968, 19.17,  -2561,   1083,   1192
14:31:33.507 ->     64,   2476,  11636, 19.17,   -309,   -215,   2594
14:31:33.607 ->    196,   3368,  15224, 19.17,   1668,    969,    226
14:31:33.710 ->   1000,   4008,  20796, 19.21,   1836,    123,   -487
14:31:33.827 ->    196,   3128,  18912, 19.31,   -999,    759,  -1475
14:31:33.944 ->    916,   2568,  15724, 19.17,  -1349,    -97,  -1451
14:31:34.041 ->  -2256,   1712,  14276, 19.21,    140,   -250,    160
14:31:34.157 ->  -1316,   3488,  17020, 19.21,   2285,    236,    511
14:31:34.240 ->  -3072,   2744,  21884, 19.17,   1834,   -111,   1517
14:31:34.342 ->  -1840,   1892,  20472, 19.17,    432,   -515,   2020
14:31:34.468 ->   -156,    984,  16384, 19.21,  -1974,  -1484,     -8
14:31:34.542 ->   -668,   1364,  15912, 19.26,   -851,   -352,    260
14:31:34.661 ->     28,   3068,  17556, 19.26,    687,  -1807,   1226
14:31:34.743 ->   -868,   2472,  20204, 19.12,   2309,  -2263,   -723
14:31:34.844 ->  -4092,   1804,  22960, 19.26,  -1096,   -158,   -887
14:31:34.985 ->   -692,    772,  15356, 19.26,   -674,   -276,    690
14:31:35.085 ->    172,   2228,  15068, 19.12,    -39,   1162,  -2012
14:31:35.161 ->   1892,   3520,  16816, 19.17,    -26,   2128,   -369
14:31:35.249 ->   1696,   3480,  18488, 19.21,   3507,    214,   -197
14:31:35.382 ->  -1464,   2328,  20060, 19.21,   -619,    582,   1210
14:31:35.464 ->    108,   2668,  16312, 19.17,  -1213,   -673,   2446
14:31:35.607 ->     92,   2336,  14908, 19.17,  -1589,   1270,     51
14:31:35.706 ->   1536,   3976,  13852, 19.12,   -194,   -737,   -138
14:31:35.798 ->    700,   2180,  17676, 19.17,   1099,   -732,  -1623
14:31:35.880 ->     80,   2088,  20872, 19.21,  -2261,   1004,  -1785
14:31:35.988 ->  -1132,   1568,  16600, 19.21,    864,    585,  -1081
14:31:36.085 ->    -24,   3500,  14068, 19.07,    439,   1548,  -1640
14:31:36.192 ->    772,   3612,  14084, 19.21,    357,    659,    979
14:31:36.296 ->   1344,   3604,  19388, 19.12,   2287,     33,    326
14:31:36.421 ->  -1428,   2172,  20920, 19.21,   -815,  -1036,    179
14:31:36.527 ->  -1544,   2776,  16468, 19.21,   -735,    -71,   1904
14:31:36.610 ->   -960,   2360,  13296, 19.07,  -1513,   1778,   1089
14:31:36.693 ->   2652,   3480,  14988, 19.12,    764,    922,    612
14:31:36.814 ->   -160,   2784,  18884, 19.21,   3139,   -715,  -1334
14:31:36.929 ->  -1752,   2044,  22948, 19.17,    213,    330,  -2417
14:31:37.010 ->   -872,   2808,  17468, 19.17,  -1233,    356,  -1220
14:31:37.108 ->   2344,   2764,  15868, 19.21,  -2578,    355,  -1175
14:31:37.224 ->   1500,   3584,  14116, 19.21,    -74,    306,  -1400
14:31:37.351 ->   -692,   3648,  19436, 19.26,   1855,    732,   -939
14:31:37.433 ->   -944,   3700,  18640, 19.21,   -451,   2488,   -827
14:31:37.525 ->   -172,   3084,  17716, 19.17,  -2323,    469,   1859
14:31:37.660 ->   1048,   3236,  15388, 19.21,   -773,    315,   2301
14:31:37.763 ->   1684,   3304,  13468, 19.21,    113,  -1060,   2432
14:31:37.847 ->   2348,   3824,  17268, 19.17,   1593,  -1448,    380
14:31:37.958 ->   3412,   3252,  16888, 19.21,   -686,   -456,  -3770
14:31:38.048 ->    432,   3776,  19348, 19.21,  -2273,   1393,  -1816
14:31:38.144 ->   -724,   2624,  16756, 19.17,  -1184,    279,  -2005
14:31:38.261 ->  -2672,   2428,  15500, 19.26,   1254,   -623,    -97
14:31:38.344 ->  -1164,   4628,  18064, 19.21,   1989,   -327,   -173
14:31:38.463 ->     16,   4928,  17300, 19.21,   1734,   1726,    832
14:31:38.596 ->   -332,   3400,  18696, 19.26,   -600,    523,   1028
14:31:38.682 ->   1512,   2360,  15416, 19.31,  -2712,   2431,    177
14:31:38.761 ->  -2096,   2184,  15736, 19.26,    431,  -1399,   1802
14:31:38.877 ->  -1020,   3544,  15800, 19.17,   1249,  -1702,    437
14:31:38.994 ->   -480,   4412,  20728, 19.21,   2265,  -2475,  -1239
14:31:39.094 ->    264,   3320,  20088, 19.21,     51,    490,     -3
14:31:39.171 ->    856,   2312,  14840, 19.35,  -1103,    853,   -207
14:31:39.278 ->  -3304,   2380,  14096, 19.21,     46,    387,   -855
14:31:39.411 ->  -1488,   4064,  17020, 19.26,    612,  -1089,    651
14:31:39.521 ->  -1332,   3676,  20272, 19.21,   2805,   -687,    819
14:31:39.597 ->  -2128,   2300,  22224, 19.26,   -319,  -1197,   1653
14:31:39.702 ->   -504,   2004,  16340, 19.26,  -1735,   -636,    840
14:31:39.809 ->   -708,   2656,  14032, 19.31,  -1759,    -25,    570
14:31:39.894 ->   -188,   3624,  15424, 19.26,   -413,    119,  -1476
14:31:40.009 ->  -3212,   2968,  18620, 19.31,    588,    212,  -2651
14:31:40.111 ->  -1048,   2644,  21152, 19.21,   -181,    780,  -2636
14:31:40.211 ->   1164,   2536,  17960, 19.26,   -395,   -297,   -763
14:31:40.324 ->   -228,   3220,  14204, 19.26,   -434,   1841,  -1415
14:31:40.410 ->    596,   3836,  13332, 19.21,   -100,    172,   1292
14:31:40.545 ->    892,   4164,  18208, 19.26,   1003,  -1047,    499
14:31:40.643 ->   1692,   4600,  18420, 19.17,  -2005,    984,   -320
14:31:40.727 ->   -588,   3240,  17748, 19.31,  -1806,    362,   1921
14:31:40.828 ->  -1100,   2620,  16108, 19.26,  -1956,    920,    498
14:31:40.954 ->    496,   3332,  12944, 19.26,    884,    565,   1471
14:31:41.037 ->   1628,   3888,  17508, 19.21,   1592,    485,  -1362
14:31:41.145 ->    804,   3024,  21988, 19.21,   -287,    851,  -3501
14:31:41.229 ->    480,   3020,  18288, 19.35,   -301,    163,   -226
14:31:41.357 ->   3000,   3620,  13984, 19.31,   -822,   -788,   -380
14:31:41.446 ->   1608,   3556,  12944, 19.26,    868,   -388,   1090
14:31:41.538 ->   1352,   4596,  17072, 19.26,   1265,   1082,    -83
14:31:41.645 ->    952,   5264,  17756, 19.12,   -894,   1973,   1661
14:31:41.764 ->    940,   4320,  17476, 19.26,   -726,   1382,   1462
14:31:41.863 ->   -816,   2636,  14540, 19.31,  -1934,   1338,   1224
14:31:41.983 ->   2624,   3884,  13080, 19.26,    355,   -139,   1943
14:31:42.083 ->   2792,   4112,  16692, 19.31,   1345,   -964,  -1140
14:31:42.180 ->   2552,   3684,  19660, 19.26,   -892,   -916,  -3699
14:31:42.263 ->   -300,   3316,  19568, 19.31,   -378,    720,   -996
14:31:42.384 ->    980,   2896,  15856, 19.31,  -1315,    -98,  -1297
14:31:42.481 ->   -816,   2868,  14476, 19.35,    995,   -532,    553
14:31:42.584 ->   -376,   4640,  16100, 19.21,   1211,   -673,    834
14:31:42.699 ->    948,   4744,  17912, 19.21,   1293,   1438,   1537
14:31:42.793 ->  -2044,   2864,  20284, 19.26,  -1180,   1038,   2554
14:31:42.882 ->   -100,   2188,  16068, 19.17,  -1937,    353,   1223
14:31:42.987 ->    492,   2512,  15848, 19.12,    398,   -471,   1856
14:31:43.106 ->    456,   3816,  16200, 19.26,   1048,   -541,   -172
14:31:43.186 ->  -1284,   4088,  20460, 19.35,   1328,   -916,    152
14:31:43.314 ->    900,   4384,  19748, 19.12,   -407,    666,   -705
14:31:43.405 ->   1204,   2480,  16908, 19.21,   -281,    687,   -633
14:31:43.504 ->  -1836,   2172,  14752, 19.21,   -265,  -1953,   1726
14:31:43.630 ->   -344,   3856,  16832, 19.26,    901,   -449,    606
14:31:43.716 ->   -152,   3696,  17844, 19.21,   2240,    609,   -255
14:31:43.808 ->  -1592,   3420,  21280, 19.26,  -2708,    -57,   -327
14:31:43.937 ->  -3800,   1296,  18556, 19.21,  -3677,  -2345,   3368
14:31:44.043 ->  -1268,   2392,  17960, 19.21,  -2239,   1606,  -1228
14:31:44.142 ->   -272,   3852,  14788, 19.17,   1004,    123,   -996
14:31:44.223 ->  -1492,   3548,  17208, 19.21,   1139,    479,  -1098
14:31:44.331 ->  -1048,   3204,  21192, 19.21,   -987,      5,   -448
14:31:44.446 ->   -484,   3212,  16088, 19.21,   -700,   1135,  -2776
14:31:44.528 ->   1520,   4008,  14512, 19.21,  -1697,    633,   -635
14:31:44.662 ->   2288,   4424,  14384, 19.26,   -960,    209,   1047
14:31:44.756 ->   1256,   5028,  17316, 19.31,   2551,    423,    255
14:31:44.850 ->   3052,   4424,  16528, 19.21,    795,   2896,   1420
14:31:44.982 ->    932,   3652,  19580, 19.35,  -1222,   1713,   2551
14:31:45.065 ->   1164,   3240,  15268, 19.26,  -1568,   1227,    531
14:31:45.165 ->    548,   3644,  12512, 19.21,    704,   -245,   2470
14:31:45.248 ->   3236,   3904,  18360, 19.26,   2908,   -806,    281
14:31:45.364 ->   2932,   4396,  18304, 19.31,   1132,  -1217,  -3145
14:31:45.451 ->   1880,   4612,  17892, 19.12,  -1463,    451,   -698
14:31:45.586 ->   1060,   3716,  17212, 19.26,  -1632,    105,  -1026
14:31:45.666 ->  -1556,   3232,  13960, 19.17,    748,   -215,   1560
14:31:45.806 ->    776,   5092,  17092, 19.31,   1783,    507,    455
14:31:45.903 ->   1120,   5516,  17788, 19.31,   1464,   2808,   1842
14:31:45.998 ->   -260,   4652,  19564, 19.17,  -1313,   -347,   2686
14:31:46.097 ->   -108,   2568,  15164, 19.26,  -2634,    371,    546
14:31:46.187 ->    144,   2840,  16124, 19.21,    740,   -700,   1401
14:31:46.300 ->   -148,   3744,  15976, 19.26,   1619,  -1020,   -394
14:31:46.387 ->    204,   4820,  20720, 19.31,   1446,  -1235,  -2098
14:31:46.501 ->    -84,   4628,  18672, 19.31,   -639,    893,  -1712
14:31:46.602 ->   1196,   3960,  17976, 19.35,  -1435,    645,  -1758
14:31:46.720 ->  -3132,   2876,  17112, 19.35,    144,   -172,    128
14:31:46.808 ->   -632,   4160,  15076, 19.31,   2055,   -657,    870
14:31:46.904 ->   -240,   3752,  17916, 19.26,   2631,   -183,    -75
14:31:47.038 ->   1516,   3348,  22460, 19.21,   -788,   -767,   -594
14:31:47.141 ->   2992,   4108,  18884, 19.31,   -613,    -93,  -1292
14:31:47.234 ->  -1288,   2648,  16300, 19.26,    256,  -1294,  -1031
14:31:47.325 ->   -360,   3948,  15120, 19.31,    989,  -1733,  -2287
14:31:47.411 ->   1480,   5352,  18592, 19.31,    614,   -471,  -3876
14:31:47.520 ->    544,   4500,  19092, 19.26,  -1022,    788,  -3165
14:31:47.652 ->   1040,   3264,  17288, 19.21,  -2394,    503,  -3833
14:31:47.740 ->  -2124,   2996,  13876, 19.31,    813,   -967,  -2732
14:31:47.854 ->   -584,   4720,  17156, 19.26,   1960,  -1230,  -1886
14:31:47.934 ->  -2320,   4204,  18912, 19.31,   1909,   -327,   -866
14:31:48.034 ->  -2232,   3388,  21024, 19.35,     73,   -965,    162
14:31:48.135 ->    796,   2920,  15788, 19.31,  -2437,   -507,  -1642
14:31:48.234 ->   -260,   3332,  15636, 19.31,   1358,  -1903,   -568
14:31:48.365 ->   -652,   3732,  15608, 19.35,   1917,  -2072,  -1048
14:31:48.453 ->   2492,   5756,  18384, 19.35,   2160,   -576,  -1518
14:31:48.572 ->   1172,   4788,  18840, 19.26,  -1384,    649,  -4033
14:31:48.651 ->   1640,   3564,  16176, 19.31,  -1600,   -456,  -2416
14:31:48.784 ->  -1848,   2916,  14996, 19.35,    206,  -1664,  -1408
14:31:48.873 ->   -908,   4268,  16780, 19.26,    699,    -61,  -1887
14:31:48.963 ->  -1808,   4216,  20828, 19.31,   1563,    310,    383
14:31:49.084 ->  -3804,   2600,  20796, 19.40,  -1908,   -661,   -285
14:31:49.166 ->   1344,   2680,  16792, 19.26,  -1116,   -816,   -127
14:31:49.271 ->    -36,   2680,  15988, 19.40,   -710,  -1560,  -1166
14:31:49.384 ->    308,   4212,  16080, 19.21,   1382,  -1065,  -1731
14:31:49.485 ->   -784,   4004,  17064, 19.35,   2861,  -1514,  -3018
14:31:49.587 ->  -3752,   1480,  22672, 19.21,  -1496,    318,  -5190
14:31:49.701 ->    356,   2892,  16764, 19.31,   -968,  -1069,  -2944
14:31:49.798 ->    732,   3756,  13572, 19.31,  -1494,   -665,  -3658
14:31:49.901 ->   -168,   4200,  13660, 19.26,   -197,    283,  -2297
14:31:49.984 ->    132,   4436,  19388, 19.35,   1307,   1321,  -1701
14:31:50.097 ->    -96,   5112,  19840, 19.31,  -1168,    940,   -941
14:31:50.217 ->  -1116,   2892,  17220, 19.21,  -1612,    854,    567
14:31:50.318 ->   -972,   2524,  15676, 19.35,  -1111,    507,  -1309
14:31:50.413 ->  -1336,   2696,  15940, 19.26,   1421,   -589,   -831
14:31:50.507 ->   -856,   3308,  17924, 19.31,   2214,  -1124,  -1781
14:31:50.601 ->   4372,   4188,  17376, 19.31,    237,    266,  -6204
14:31:50.734 ->   1404,   3804,  19540, 19.45,  -1426,   -199,  -4150
14:31:50.815 ->    788,   3168,  16204, 19.35,  -1977,  -1132,  -3492
14:31:50.952 ->  -2132,   3068,  15804, 19.35,   1073,  -1035,  -1891
14:31:51.046 ->   -232,   5060,  16696, 19.40,    691,    -44,  -2210
14:31:51.134 ->   -124,   4648,  18736, 19.35,   2308,    532,   -615
14:31:51.235 ->  -1284,   4088,  21100, 19.31,  -1359,   -750,   1864
14:31:51.352 ->   -656,   2776,  15664, 19.31,  -1089,   -201,    460
14:31:51.461 ->  -1080,   2300,  17104, 19.31,    662,  -1723,   -505
14:31:51.569 ->    312,   3748,  15040, 19.26,   2870,   -153,   -564
14:31:51.663 ->   -804,   4000,  19816, 19.26,   1992,  -2504,  -1943
14:31:51.757 ->  -2144,   3004,  20152, 19.21,  -1165,  -1248,  -3896
14:31:51.841 ->    548,   3080,  15332, 19.40,  -1348,  -1327,  -2393
14:31:51.988 ->   -464,   3140,  16640, 19.35,    399,    996,  -3185
14:31:52.080 ->     -4,   4204,  16128, 19.26,   1501,   -262,  -1407
14:31:52.169 ->   -576,   3316,  20708, 19.31,   1420,    401,  -1467
14:31:52.275 ->  -2660,   2488,  22664, 19.35,  -2130,    148,   -780
14:31:52.373 ->  -1668,   2568,  17124, 19.35,  -1324,   -374,   -491
14:31:52.472 ->  -2064,   2164,  17692, 19.21,   -772,    111,  -1038
14:31:52.570 ->     40,   3744,  14964, 19.40,   1101,    640,   -826
14:31:52.703 ->    652,   3556,  20672, 19.26,   2051,   -735,  -3216
14:31:52.788 ->  -2096,   2572,  21264, 19.31,  -2153,  -1078,  -3414
14:31:52.879 ->  -1004,   2228,  17344, 19.31,   -860,    -63,  -1979
14:31:52.987 ->  -1148,   2640,  16852, 19.31,    494,   -213,  -2820
14:31:53.071 ->    940,   3876,  17148, 19.21,   1361,   -303,  -1637
14:31:53.217 ->   -624,   3468,  19264, 19.26,   1727,   -168,    -49
14:31:53.321 ->  -2476,   4600,  20412, 19.26,   -687,   1689,    661
14:31:53.405 ->   1404,   4308,  14212, 19.31,  -1590,    613,   -385
14:31:53.509 ->   2052,   4396,  14228, 19.21,  -1478,   1444,    941
14:31:53.625 ->   2856,   4116,  12832, 19.26,    809,   -849,   1965
14:31:53.706 ->   2448,   3724,  18232, 19.26,    991,  -1722,   -829
14:31:53.805 ->    300,   3884,  22668, 19.31,   -848,  -2048,  -1782
14:31:53.926 ->  -2844,   1720,  20156, 19.21,  -1598,   -927,   -212
14:31:54.012 ->   -452,   3264,  13972, 19.26,  -1271,    326,   -152
14:31:54.134 ->   1076,   4624,  14080, 19.21,    329,   2143,    265
14:31:54.225 ->  -1356,   5016,  16156, 19.31,   2859,   1416,   1972
14:31:54.349 ->   2424,   5556,  18216, 19.26,   -673,   1606,   3748
14:31:54.436 ->   -308,   3100,  16312, 19.21,   -671,   2056,   3507
14:31:54.524 ->    124,   2584,  16480, 19.21,  -2087,   1508,   1769
14:31:54.639 ->    932,   3524,  13700, 19.07,    464,   -904,   3142
14:31:54.737 ->    796,   3900,  15296, 19.31,    897,   -920,   1629
14:31:54.871 ->   2748,   5052,  18932, 19.26,   -379,  -1905,    675
14:31:54.947 ->    840,   3200,  20464, 19.26,   -519,  -1436,     32
14:31:55.038 ->   -152,   2288,  15108, 19.31,  -1044,   -742,    805
14:31:55.142 ->  -3252,   2932,  15692, 19.21,    190,    202,   -497
14:31:55.275 ->  -2128,   4000,  18568, 19.26,   1305,   -979,   -237
14:31:55.372 ->  -2036,   3356,  21048, 19.26,   1968,   1582,    477
14:31:55.489 ->  -2964,   2504,  22660, 19.17,  -1709,   1893,   1302
14:31:55.572 ->  -3632,   1972,  19232, 19.31,  -1789,    668,    391
14:31:55.642 ->   -524,   2848,  15288, 19.21,  -1068,   -437,  -1172
14:31:55.756 ->   -576,   3304,  15780, 19.26,    176,  -1308,     23
14:31:55.887 ->    436,   3040,  20800, 19.31,   1664,  -1319,   -552
14:31:55.975 ->  -1516,   2392,  21980, 19.31,  -2022,     49,  -3692
14:31:56.077 ->    728,   2972,  17580, 19.21,   -498,   1235,  -2129
14:31:56.195 ->   2300,   3688,  15328, 19.26,  -2798,    902,  -1523
14:31:56.277 ->   1888,   4532,  15736, 19.26,    425,    521,   -515
14:31:56.390 ->   2528,   3992,  20076, 19.31,   1783,    -78,    -97
14:31:56.491 ->    892,   3700,  21880, 19.21,  -1005,   1182,   -912
14:31:56.608 ->  -1688,   2240,  15128, 19.35,  -1382,   -739,    308
14:31:56.693 ->   -668,   3032,  14624, 19.21,  -1780,    442,    585
14:31:56.793 ->    340,   3576,  15132, 19.26,    694,   -229,   -442
14:31:56.940 ->  -1524,   3300,  18416, 19.35,   1984,   -996,  -1206
14:31:57.023 ->   -760,   3156,  20644, 19.40,   -992,   -251,  -1173
14:31:57.107 ->    388,   2320,  18924, 19.35,  -1138,    334,   -702
14:31:57.230 ->    708,   2940,  13732, 19.31,  -1189,   -317,   -956
14:31:57.312 ->   1628,   4252,  15744, 19.35,   1047,   1046,     52
14:31:57.426 ->   -188,   4300,  20708, 19.35,   3141,     12,   1371
14:31:57.509 ->  -1832,   3540,  18492, 19.21,  -1098,   1993,    -54
14:31:57.626 ->     68,   3244,  16972, 19.21,  -2396,   3156,    728
14:31:57.742 ->    172,   3492,  14064, 19.31,  -1536,   1784,    153
14:31:57.823 ->    700,   4644,  13620, 19.26,    292,   -609,   1857
14:31:57.940 ->    320,   4048,  18816, 19.26,   2233,   -231,   -601
14:31:58.041 ->  -2436,   2340,  23204, 19.21,  -1731,    334,  -3051
14:31:58.142 ->   -628,   2832,  17976, 19.21,  -1788,    457,   -272
14:31:58.240 ->   -292,   3380,  15972, 19.31,  -1680,    635,  -1053
14:31:58.357 ->    524,   4256,  16732, 19.26,    174,   -510,    840
14:31:58.439 ->    428,   4128,  18492, 19.31,   2525,    343,    713
14:31:58.558 ->  -1936,   2996,  20384, 19.26,  -1911,    985,    496
14:31:58.643 ->  -1212,   3840,  18000, 19.26,  -2237,   1873,   -143
14:31:58.760 ->   1212,   3000,  16728, 19.31,   -834,   1955,  -1522
14:31:58.896 ->   2652,   4312,  14624, 19.31,   2302,    -81,   -325
14:31:58.972 ->   -532,   3160,  16432, 19.21,    387,  -1911,  -1346
14:31:59.058 ->   1516,   4480,  22084, 19.21,  -1015,   -545,  -4171
14:31:59.174 ->  -1784,   2872,  17636, 19.26,   -991,   -173,  -2172
14:31:59.274 ->    856,   4452,  14368, 19.35,  -2840,    344,  -3350
14:31:59.359 ->   1792,   4532,  12172, 19.26,    853,  -1565,   1572
14:31:59.493 ->   1644,   5568,  17592, 19.21,   1466,   -343,   1735
14:31:59.592 ->   2872,   5916,  18504, 19.21,   1131,   2372,   1652
14:31:59.694 ->    312,   4300,  19092, 19.31,    -96,   1685,   2351
14:31:59.785 ->    780,   2840,  15200, 19.35,  -2628,   1027,   -138
14:31:59.883 ->   1028,   2900,  14552, 19.26,    103,   -912,    759
14:32:00.011 ->   2752,   4760,  15936, 19.31,   1319,   -537,  -1084
14:32:00.108 ->   3416,   5712,  17204, 19.21,   1600,   -929,    157
14:32:00.201 ->    904,   4096,  19908, 19.35,   -785,    285,   -458
14:32:00.286 ->    644,   4200,  14728, 19.26,  -2178,    670,  -3101
14:32:00.427 ->  -1280,   4040,  13132, 19.26,    659,    728,    -99
14:32:00.510 ->    448,   5764,  17104, 19.31,   2241,    190,   1758
14:32:00.605 ->    956,   3584,  15240, 19.21,   -200,   1423,   1455
14:32:00.713 ->   1364,   4112,  18440, 19.26,  -3082,    747,   3336
14:32:00.842 ->   3976,   4364,  15300, 19.35,   -581,    533,   2313
14:32:00.925 ->   -344,   3460,  17116, 19.31,   2501,    524,   1775
14:32:01.009 ->  -1300,   4176,  16176, 19.31,   3552,  -1836,    174
14:32:01.126 ->   -716,   4408,  17516, 19.35,   2890,  -3416,  -1068
14:32:01.253 ->   2044,   4708,  18244, 19.35,  -1602,  -2171,   -830
14:32:01.347 ->   2888,   4520,  14880, 19.35,  -2330,     90,  -1471
14:32:01.442 ->    504,   3984,  13672, 19.31,    902,   -994,   -479
14:32:01.523 ->  -2348,   5768,  17160, 19.31,   2026,  -1092,   -389
14:32:01.659 ->    432,   5464,  16460, 19.35,   2189,   1924,   -896
14:32:01.742 ->  -2576,   4128,  18196, 19.26,  -3124,    572,   1826
14:32:01.860 ->   -648,   3560,  18260, 19.31,  -2102,   -629,    297
14:32:01.960 ->  -1204,   3388,  14532, 19.31,   -176,    517,    244
14:32:02.043 ->    224,   4432,  16356, 19.35,   1953,    -97,   -463
14:32:02.133 ->   2244,   5000,  22620, 19.31,   4944,  -1751,  -2583
14:32:02.242 ->  -4168,   5140,  18232, 19.26,   -549,  -2941,  -1842
14:32:02.386 ->     28,   3536,  15744, 19.26,  -2466,  -1563,    211
14:32:02.467 ->  -4452,   1288,  12476, 19.21,   3738,  -2691,  -4217
14:32:02.560 ->  -2488,   6476,  16764, 19.40,  -1052,   1508,   -118
14:32:02.676 ->    736,   7240,  16444, 19.31,   2120,   1923,    443
14:32:02.760 ->  -2184,   3268,  22204, 19.26,  -1588,   -771,   5487
14:32:02.897 ->  -2572,   2444,  14252, 19.35,  -1957,   -180,   1170
14:32:02.978 ->  -5704,   2268,  15644, 19.26,     46,  -1074,   1402
14:32:03.070 ->   1708,   4952,  19972, 19.26,   2078,  -1567,   1503
14:32:03.174 ->    872,   4620,  21092, 19.35,    577,     20,   1224
14:32:03.300 ->   2112,   4104,  21468, 19.31,  -2539,  -1565,    415
14:32:03.396 ->  -1960,   2136,  14900, 19.21,  -1709,     76,  -1013
14:32:03.489 ->  -2320,   2620,  15252, 19.26,  -1383,    417,   -826
14:32:03.610 ->   3472,   5264,  16744, 19.35,  -1233,    583,  -1775
14:32:03.695 ->  -1008,   3644,  17420, 19.40,   2964,    859,   -534
14:32:03.795 ->  -1860,   2792,  20320, 19.31,  -2646,    848,   -139
14:32:03.897 ->  -2100,   2024,  18896, 19.31,  -1039,   1260,   1981
14:32:04.012 ->    308,   2784,  13780, 19.35,   -780,    714,    805
14:32:04.111 ->    352,   3956,  15312, 19.35,   1048,    361,    630
14:32:04.228 ->  -1116,   4296,  18744, 19.31,   1078,   -344,    565
14:32:04.311 ->    160,   3068,  20816, 19.31,   -745,  -2009,  -1148
14:32:04.428 ->   -620,   2120,  15240, 19.26,  -2244,   -561,    122
14:32:04.514 ->   2888,   3692,  16460, 19.40,    -22,    692,   -562
14:32:04.631 ->   -164,   3744,  15532, 19.31,   1179,   -146,    998
14:32:04.761 ->   1128,   3944,  18516, 19.31,   1899,   -710,   -170
14:32:04.828 ->   2528,   4056,  17692, 19.35,   -951,   1293,   -603
14:32:04.962 ->    260,   4584,  16840, 19.26,  -1365,   1867,    906
14:32:05.061 ->    296,   3100,  14884, 19.35,   -883,    390,    218
14:32:05.147 ->   1748,   3928,  14452, 19.31,   2181,  -1398,   1921
14:32:05.282 ->   -140,   2760,  18108, 19.40,   2516,  -1550,  -1457
14:32:05.346 ->    736,   3188,  18024, 19.31,  -2181,  -1281,  -4868
14:32:05.463 ->    380,   2720,  17636, 19.21,   -924,  -1374,  -1556
14:32:05.562 ->   3360,   2828,  16220, 19.31,   -251,    386,  -1580
14:32:05.647 ->  -1268,   3884,  14476, 19.35,   1121,  -2011,   -503
14:32:05.781 ->    596,   5720,  18040, 19.35,   1360,  -1741,   -482
14:32:05.865 ->    124,   5348,  15872, 19.35,   2794,   1209,   3294
14:32:05.964 ->   -544,   4348,  18876, 19.35,   -222,   -500,   4394
14:32:06.066 ->  -1188,   3012,  14216, 19.31,  -1643,   -193,   1589
14:32:06.164 ->  -1836,   3040,  15964, 19.31,    111,  -2377,   2207
14:32:06.310 ->   -708,   3136,  15764, 19.35,   2601,  -2405,    235
14:32:06.379 ->   4064,   3292,  14988, 19.35,  -2520,    226,  -5105
14:32:06.494 ->   1876,   3248,  21220, 19.35,  -2207,   2449,  -2938
14:32:06.578 ->   2152,   4288,  17008, 19.31,    752,    302,  -1585
14:32:06.697 ->   -792,   3420,  10940, 19.31,   1453,   -259,   -820
14:32:06.781 ->    240,   5828,  16820, 19.26,   2547,   1746,    232
14:32:06.901 ->    784,   6376,  17092, 19.21,   -668,   -150,   3813
14:32:07.034 ->    672,   3764,  15224, 19.31,  -1550,   3442,   1315
14:32:07.095 ->   1252,   4680,  14328, 19.35,   -762,    601,   3075
14:32:07.201 ->    452,   4068,  12972, 19.26,   1411,   -266,   2795
14:32:07.317 ->  -2460,   3228,  16968, 19.21,   -148,   1936,  -1338
14:32:07.417 ->  -1592,   3156,  23152, 19.21,  -3739,    202,  -3777
14:32:07.539 ->   2324,   3668,  17036, 19.26,  -2182,   -728,    309
14:32:07.648 ->   2868,   4584,  13240, 19.21,    154,   1477,  -1450
14:32:07.735 ->    764,   4432,  16012, 19.31,   2065,   -131,   2634
14:32:07.816 ->   -828,   3896,  20280, 19.26,   2323,  -1473,    548
14:32:07.918 ->  -2012,   2824,  24188, 19.17,  -1618,  -3239,   2227
14:32:08.055 ->  -2932,   1884,  15496, 19.31,  -1985,    818,   1107
14:32:08.143 ->   1044,   3496,  13812, 19.21,    767,   -559,   1305
14:32:08.228 ->    196,   3976,  16548, 19.35,   1335,   -143,    365
14:32:08.366 ->   2020,   4592,  18792, 19.31,   1518,  -1077,  -1039
14:32:08.451 ->  -1320,   2984,  20632, 19.21,   -867,    232,  -1315
14:32:08.535 ->   -640,   3724,  14576, 19.31,  -2354,   -743,   -167
14:32:08.664 ->  -1964,   3124,  10408, 19.35,    501,    769,   1144
14:32:08.753 ->   1364,   4744,  17344, 19.26,   2298,   -219,   1259
14:32:08.889 ->   1480,   3952,  17128, 19.21,   2763,   2137,   2337
14:32:08.979 ->   2188,   4252,  20204, 19.40,  -1249,    766,   1887
14:32:09.069 ->    828,   2896,  16228, 19.35,  -2381,    829,    985
14:32:09.166 ->    972,   3404,  12288, 19.21,    764,   -299,   1743
14:32:09.262 ->   2012,   4080,  18004, 19.31,    967,  -2063,   -483
14:32:09.357 ->    -52,   2788,  18672, 19.35,    -70,     33,  -3612
14:32:09.463 ->   1944,   2892,  21216, 19.31,  -2242,    849,  -2519
14:32:09.562 ->   2600,   3840,  14416, 19.31,  -1266,    120,   -589
14:32:09.706 ->   -560,   3960,  14080, 19.35,    426,   -552,   1151
14:32:09.800 ->  -1096,   4612,  18172, 19.31,   2148,   -454,   1391
14:32:09.881 ->   -388,   4464,  17640, 19.31,   -147,   2234,   2803
14:32:09.998 ->    -72,   2248,  15432, 19.26,   -650,    820,    632
14:32:10.098 ->   1992,   3268,  15544, 19.40,   -837,   1346,   1824
14:32:10.199 ->   -516,   3276,  15380, 19.35,   2695,  -2103,   1508
14:32:10.315 ->  -2408,   3680,  18084, 19.35,   2715,  -2552,  -3082
14:32:10.382 ->  -1500,   2844,  20840, 19.31,  -1641,     -7,  -3447
14:32:10.532 ->    -40,   3368,  17776, 19.31,  -1051,   1891,  -1810
14:32:10.627 ->    932,   4420,  16256, 19.26,  -1069,    901,   -893
14:32:10.721 ->    -12,   4100,  13404, 19.35,   -276,   -620,   2156
14:32:10.817 ->    452,   4948,  17592, 19.31,    640,   -287,    404
14:32:10.909 ->   2184,   5644,  18880, 19.35,  -1900,   2224,    836
14:32:11.039 ->    212,   3768,  17040, 19.26,    307,   1125,   2057
14:32:11.131 ->   1264,   3148,  15388, 19.31,  -1101,   1023,    795
14:32:11.249 ->    496,   3036,  13520, 19.21,    231,  -1115,   1270
14:32:11.333 ->   2952,   4404,  15464, 19.21,   2058,   -731,     26
14:32:11.416 ->   1768,   3112,  20960, 19.35,  -2780,   1257,  -4414
14:32:11.536 ->    892,   3404,  17908, 19.26,  -1522,   1817,  -1678
14:32:11.630 ->   1884,   3224,  16704, 19.31,   -832,   -451,   -645
14:32:11.722 ->   -576,   3692,  12596, 19.31,    519,  -1064,    933
14:32:11.868 ->    -36,   5220,  16924, 19.35,   1143,    828,   -281
14:32:11.966 ->   1428,   5720,  17340, 19.31,   2406,   2181,   3111
14:32:12.068 ->   -224,   4176,  20244, 19.31,     40,   -308,   2408
14:32:12.155 ->   -852,   1880,  17208, 19.26,  -1377,    103,    569
14:32:12.250 ->   -112,   3012,  14076, 19.31,   1833,  -1129,   1894
14:32:12.355 ->    332,   4472,  15244, 19.31,   1091,   -774,   1814
14:32:12.450 ->   1848,   5924,  19788, 19.35,   1038,  -1584,    397
14:32:12.574 ->   -256,   4380,  19440, 19.21,    354,    874,  -1335
14:32:12.652 ->   1168,   3976,  15316, 19.21,  -1419,    402,  -1510
14:32:12.759 ->  -1824,   3700,  13304, 19.26,    285,    750,     13
14:32:12.866 ->   -372,   5044,  16264, 19.21,    620,   -262,    -56
14:32:12.984 ->  -1820,   3928,  21440, 19.31,   1627,    377,    220
14:32:13.101 ->  -3344,   2680,  22756, 19.17,  -2096,   -608,    691
14:32:13.186 ->   1548,   3704,  18040, 19.35,  -2000,    597,   1042
14:32:13.294 ->  -3024,   2208,  16928, 19.31,    100,   -263,    652
14:32:13.401 ->   -740,   3780,  13584, 19.17,   1979,   -809,    258
14:32:13.487 ->  -2016,   3840,  19488, 19.26,     59,   -827,  -1378
14:32:13.601 ->   -676,   3444,  20628, 19.31,  -1017,   1191,  -2761
14:32:13.701 ->    636,   3432,  15992, 19.21,    -69,   2080,  -3335
14:32:13.775 ->   -196,   4168,  15972, 19.31,   -145,    587,  -2030
14:32:13.935 ->   -172,   5116,  14632, 19.31,   1013,   -932,   -258
14:32:14.020 ->   -764,   5096,  18588, 19.26,   1197,    758,   -454
14:32:14.100 ->   1048,   6808,  17412, 19.26,  -2338,   2592,   -698
14:32:14.229 ->   -396,   4692,  18388, 19.21,   -214,    344,   2826
14:32:14.313 ->  -1396,   2960,  14136, 19.21,  -1329,   -626,   1474
14:32:14.419 ->    592,   3624,  12460, 19.26,    531,   -972,   1506
14:32:14.522 ->   -412,   4584,  16916, 19.31,   1677,  -1378,    729
14:32:14.620 ->   2528,   4384,  20224, 19.31,   -414,  -1595,  -3279
14:32:14.720 ->   -360,   3424,  18600, 19.17,  -1336,      7,  -1793
14:32:14.838 ->   -172,   3952,  15996, 19.26,   -675,   -139,   -344
14:32:14.958 ->  -3992,   2876,  14112, 19.31,   -133,  -1147,   2771
14:32:15.033 ->  -1860,   4608,  17408, 19.35,   2877,  -1328,    200
14:32:15.154 ->   -272,   4916,  15380, 19.21,   -138,   1620,   2809
14:32:15.237 ->   1968,   4796,  16640, 19.31,   -835,   1297,   1845
14:32:15.352 ->   1664,   4864,  15844, 19.17,   -822,   1424,   2276
14:32:15.469 ->   -316,   3144,  12684, 19.21,   1681,  -1587,   2373
14:32:15.550 ->    912,   4732,  17060, 19.26,    813,   -634,   1637
14:32:15.636 ->   1032,   4552,  20448, 19.17,   -521,  -1009,  -1817
14:32:15.760 ->   1176,   4576,  16952, 19.31,   -225,   1080,  -1581
14:32:15.887 ->   -696,   3080,  18952, 19.26,  -1125,    333,  -1694
14:32:15.973 ->  -3012,   2924,  16208, 19.26,   1183,    149,   1867
14:32:16.070 ->   -452,   4476,  15336, 19.31,   1501,    989,    964
14:32:16.189 ->   1664,   5620,  17736, 19.26,    342,   2446,   2539
14:32:16.271 ->  -1260,   3720,  17872, 19.21,   -698,   2101,   1935
14:32:16.417 ->     32,   4296,  14764, 19.21,  -2665,   1940,   1893
14:32:16.473 ->   -980,   3904,  14088, 19.21,   -142,   -120,   2806
14:32:16.572 ->   -200,   5176,  17080, 19.17,   1367,    433,   1105
14:32:16.708 ->   -100,   4224,  18812, 19.21,  -2736,    343,  -3058
14:32:16.806 ->  -1416,   3576,  20980, 19.21,   -758,   2114,   -400
14:32:16.907 ->    928,   3588,  16080, 19.17,   -699,   1486,   -163
14:32:16.992 ->   1104,   4568,  13500, 19.21,    446,     39,   2403
14:32:17.126 ->   2012,   5584,  16804, 19.21,   1418,   -396,   1810
14:32:17.227 ->   2536,   5368,  16392, 19.26,    625,   1641,   2222
14:32:17.334 ->   -828,   4284,  18216, 19.17,  -1625,   1787,   1936
14:32:17.423 ->    464,   4264,  14368, 19.21,  -1917,   1333,   1469
14:32:17.532 ->   -896,   3840,  13628, 19.31,     38,   -325,   2802
14:32:17.626 ->  -1452,   4640,  17860, 19.26,   1945,   -243,   2069
14:32:17.723 ->  -1056,   4872,  20416, 19.21,   1265,  -1413,   1867
14:32:17.821 ->  -1016,   3944,  20676, 19.21,  -1817,   -370,  -2266
14:32:17.905 ->   -748,   3340,  15608, 19.21,    188,    260,  -2207
14:32:18.027 ->   -952,   3304,  15136, 19.26,   -656,    494,  -2209
14:32:18.159 ->   -700,   4820,  15564, 19.26,    429,    591,    188
14:32:18.263 ->  -1432,   4376,  18080, 19.31,   1134,    367,   1583
14:32:18.357 ->  -1620,   3792,  21888, 19.26,   -569,    512,   1138
14:32:18.447 ->    904,   4244,  18088, 19.26,  -1212,   -446,   2689
14:32:18.527 ->    228,   2992,  16360, 19.21,  -1757,   1121,   1399
14:32:18.659 ->    924,   3300,  16204, 19.40,   -243,   -106,    767
14:32:18.739 ->     52,   4052,  17464, 19.26,    194,    483,   -699
14:32:18.861 ->    144,   4544,  21608, 19.31,  -1449,    469,  -3076
14:32:18.954 ->  -2280,   2716,  18772, 19.31,   -620,   1120,   -226
14:32:19.038 ->    340,   3648,  15644, 19.26,    -20,   1240,   -393
14:32:19.182 ->   -516,   3948,  13512, 19.21,    250,    -55,   1528
14:32:19.278 ->   -236,   5336,  17576, 19.21,   1786,    193,   1479
14:32:19.373 ->   -352,   4676,  17984, 19.26,    809,   1045,   2338
14:32:19.472 ->   -816,   2812,  19576, 19.12,  -1727,     23,   1680
14:32:19.562 ->   1368,   3288,  16428, 19.40,  -1485,     47,    938
14:32:19.653 ->    876,   3388,  13360, 19.26,  -1207,   1261,   1510
14:32:19.788 ->    828,   4184,  12720, 19.31,   1348,   -333,    893
14:32:19.886 ->  -1416,   3932,  20576, 19.31,   2747,  -2295,  -1122
14:32:19.972 ->  -2984,   2276,  22368, 19.26,  -2796,  -1534,  -1143
14:32:20.100 ->  -1396,   1868,  17428, 19.26,    215,   -676,  -1995
14:32:20.193 ->    -84,   3604,  15836, 19.31,     89,    134,  -2711
14:32:20.287 ->    248,   4276,  14800, 19.26,    469,   -569,   -263
14:32:20.406 ->    636,   5556,  17240, 19.26,   2193,    120,     12
14:32:20.503 ->    -80,   5336,  16768, 19.31,   1003,   2558,   1645
14:32:20.589 ->     80,   3808,  16252, 19.31,  -1949,   1782,   1535
14:32:20.704 ->   1020,   3632,  17240, 19.21,  -2025,    863,    477
14:32:20.834 ->    968,   3616,  13308, 19.26,    821,  -1030,    720
14:32:20.920 ->    692,   5024,  16020, 19.26,   1128,    -32,    -70
14:32:21.014 ->   2088,   5612,  18416, 19.21,   1127,     41,     38
14:32:21.121 ->   3336,   4892,  17816, 19.40,  -1509,   -939,  -2054
14:32:21.240 ->   1748,   3912,  16128, 19.26,  -1492,   -613,   -805
14:32:21.323 ->  -2988,   2468,  14388, 19.26,    997,   -483,    128
14:32:21.406 ->   -892,   4868,  18404, 19.31,   1282,    -22,   -643
14:32:21.522 ->  -2616,   3368,  21632, 19.35,   3142,    940,   2019
14:32:21.640 ->  -2828,   2320,  20056, 19.26,    800,  -2215,   1717
14:32:21.721 ->   -400,   2100,  19100, 19.40,  -1944,  -2667,   2105
14:32:21.840 ->  -2612,   2620,  17412, 19.31,    -54,  -1468,  -1826
14:32:21.922 ->  -1820,   4168,  16312, 19.35,    614,   -784,    740
14:32:22.044 ->  -1640,   3768,  20460, 19.31,   1684,  -2497,    450
14:32:22.160 ->  -1580,   3968,  19956, 19.31,    708,   -563,    353
14:32:22.240 ->    904,   3380,  15292, 19.35,   -762,    -85,   1047
14:32:22.369 ->  -2452,   3020,  14912, 19.31,    720,    749,    -77
14:32:22.441 ->  -1392,   4216,  15784, 19.31,    777,    808,    -55
14:32:22.576 ->  -2208,   4056,  19424, 19.26,   2138,   2198,    194
14:32:22.661 ->   -256,   3576,  21360, 19.40,   -792,    210,   1842
14:32:22.774 ->  -1208,   2516,  17248, 19.26,  -1694,   -718,   1086
14:32:22.874 ->   -596,   2444,  17232, 19.26,  -1613,  -1181,    361
14:32:22.961 ->   -900,   4356,  16328, 19.31,    933,  -1041,    877
14:32:23.092 ->  -1348,   3872,  18208, 19.40,   1917,  -1175,    741
14:32:23.176 ->   -760,   3148,  24976, 19.35,     81,   -179,  -2703
14:32:23.291 ->   1864,   4312,  14864, 19.31,    455,    693,   -503
14:32:23.366 ->   1788,   4996,  13088, 19.31,     18,     58,    467
14:32:23.474 ->   2000,   5468,  13800, 19.31,    218,   -305,   2064
14:32:23.593 ->    568,   4104,  19796, 19.26,    557,    515,     59
14:32:23.710 ->   -504,   5500,  18720, 19.35,  -1859,    511,   -858
14:32:23.795 ->  -3044,   2672,  17904, 19.31,  -1324,   1161,   1389
14:32:23.921 ->   -112,   3252,  14580, 19.40,  -1552,   2572,    805
14:32:23.992 ->   1884,   4144,  13984, 19.31,   -163,     92,    698
14:32:24.093 ->   -224,   3904,  18972, 19.35,    817,   -283,   -529
14:32:24.192 ->    364,   3676,  20988, 19.35,  -2679,   -767,  -3642
14:32:24.310 ->    380,   3480,  18200, 19.31,   -426,   1058,  -1466
14:32:24.425 ->   1636,   3964,  17252, 19.31,   -886,    387,  -1187
14:32:24.510 ->  -1260,   3628,  12852, 19.40,    603,   -346,   1159
14:32:24.628 ->   1648,   5900,  17736, 19.35,    297,    884,   -152
14:32:24.726 ->    780,   5836,  16788, 19.40,   1685,   2288,   2598
14:32:24.844 ->     56,   3608,  19436, 19.40,   -981,    662,    810
14:32:24.959 ->    928,   2716,  16164, 19.26,  -1845,   -613,   -320
14:32:25.042 ->  -1272,   2836,  14800, 19.40,   -473,   -757,   1105
14:32:25.121 ->  -1416,   5148,  14884, 19.40,    707,   -128,    127
14:32:25.260 ->  -1188,   5132,  20016, 19.31,   1896,  -2424,   1102
14:32:25.350 ->   -700,   3632,  17924, 19.45,  -1070,   -660,   -635
14:32:25.446 ->    436,   3536,  15584, 19.26,  -1560,   -530,    526
14:32:25.552 ->  -1412,   3508,  14116, 19.45,    142,    468,   -427
14:32:25.651 ->    412,   4748,  16420, 19.49,    391,    383,    -85
14:32:25.762 ->  -1236,   3576,  20016, 19.54,   1506,   1528,   -166
14:32:25.842 ->  -1788,   2968,  21084, 19.45,  -1512,   1400,   -416
14:32:25.977 ->   -876,   2696,  17920, 19.40,   -816,    465,   -195
14:32:26.070 ->  -1976,   2376,  17852, 19.49,   -789,  -1095,     91
14:32:26.163 ->  -2580,   2980,  16164, 19.35,    -82,  -1776,  -1050
14:32:26.277 ->  -1164,   3880,  16276, 19.49,    -82,   -744,  -1174
14:32:26.379 ->   -360,   4120,  20136, 19.49,  -1570,   -507,  -3388
14:32:26.472 ->   1168,   3880,  20756, 19.35,    -24,   -393,   -602
14:32:26.589 ->   1660,   4268,  14924, 19.40,   -989,     46,    -80
14:32:26.684 ->    680,   4216,  14168, 19.40,    997,   -862,   1819
14:32:26.773 ->    712,   5232,  15700, 19.35,    781,   1194,    862
14:32:26.877 ->   -744,   4304,  18892, 19.54,    591,   2023,   1886
14:32:27.010 ->  -2888,   3192,  21720, 19.40,  -2348,   1326,   2689
14:32:27.095 ->    496,   3040,  17432, 19.49,   -484,   -147,   1799
14:32:27.180 ->  -1052,   2436,  14144, 19.45,   -937,   -995,   1766
14:32:27.321 ->    -48,   4096,  16404, 19.45,   1832,   -603,    768
14:32:27.428 ->   -960,   3548,  19520, 19.49,   2086,  -1779,   -530
14:32:27.506 ->   -976,   4344,  17380, 19.45,  -1180,   -255,  -2001
14:32:27.594 ->   1844,   4176,  16420, 19.45,   -172,   1489,  -1033
14:32:27.689 ->    508,   3516,  13288, 19.49,  -1322,   2262,   -742
14:32:27.804 ->   1188,   4688,  15620, 19.35,   -902,   1210,   -501
14:32:27.929 ->   -536,   4944,  17364, 19.49,    889,    257,    150
14:32:28.012 ->  -2928,   3816,  20596, 19.40,  -1820,   3068,   -687
14:32:28.115 ->  -2004,   2364,  19312, 19.49,  -3757,    -12,    276
14:32:28.229 ->    592,   3344,  15376, 19.54,  -1721,   -415,   -781
14:32:28.344 ->   -712,   4356,  14236, 19.54,    407,  -1215,    535
14:32:28.449 ->  -1640,   3916,  16640, 19.49,   2340,   -468,     39
14:32:28.545 ->   1944,   4260,  18460, 19.35,    318,   -127,  -2904
14:32:28.630 ->   -520,   4088,  17212, 19.54,  -1239,     -9,  -1836
14:32:28.717 ->   2396,   4808,  15196, 19.54,  -1080,  -1054,   -126
14:32:28.844 ->    792,   3848,  13408, 19.59,   1318,  -1069,   1485
14:32:28.950 ->   -588,   4868,  16672, 19.49,   1881,   -199,   -541
14:32:29.061 ->    336,   5160,  17124, 19.40,   2164,   1524,   2051
14:32:29.148 ->  -1464,   3956,  17988, 19.45,  -1005,   1069,    281
14:32:29.246 ->    708,   4144,  15296, 19.45,  -2707,    655,  -1294
14:32:29.344 ->   1096,   3916,  12072, 19.45,    120,   -239,   1096
14:32:29.462 ->    680,   4808,  16872, 19.45,   1259,   -212,   -437
14:32:29.545 ->   3248,   4984,  18504, 19.59,    403,  -1243,   -742
14:32:29.678 ->   1616,   4576,  17996, 19.49,  -1458,   1052,  -1558
14:32:29.763 ->   1272,   4124,  16560, 19.45,  -2168,    513,      0
14:32:29.879 ->  -2064,   2596,  15992, 19.54,    390,   -797,   1785
14:32:29.972 ->  -1924,   4352,  18552, 19.59,   1900,   -226,   -394
14:32:30.069 ->  -3032,   4048,  18548, 19.49,   2771,   1281,    493
14:32:30.208 ->  -2392,   3244,  20200, 19.49,  -1350,    631,   -431
14:32:30.294 ->    604,   3124,  18172, 19.49,  -1571,    761,    936
14:32:30.379 ->  -2708,   2160,  16280, 19.45,    344,    -35,   1342
14:32:30.506 ->  -2652,   4176,  17880, 19.54,   2031,    878,   -268
14:32:30.599 ->     32,   5248,  19432, 19.54,   1943,   -567,      9
14:32:30.693 ->   -156,   4960,  19588, 19.49,  -1233,   -610,  -1354
14:32:30.786 ->    984,   4224,  14828, 19.49,  -1555,  -1122,  -1251
14:32:30.928 ->  -1312,   3568,  14084, 19.49,    744,   -510,  -1047
14:32:31.021 ->   2192,   5792,  15876, 19.54,   1962,  -1288,   -479
14:32:31.114 ->  -1924,   4692,  18504, 19.54,   2820,   1289,   1319
14:32:31.207 ->  -1828,   3772,  19764, 19.54,  -1612,   -255,   1005
14:32:31.301 ->    620,   4044,  16756, 19.45,  -1378,  -1096,    519
14:32:31.449 ->  -2548,   2532,  15500, 19.54,    -85,  -1440,    316
14:32:31.535 ->  -1432,   4064,  16944, 19.59,   2173,  -1233,     -8
14:32:31.628 ->    552,   5104,  17976, 19.59,    198,  -3169,   -930
14:32:31.722 ->   1320,   5344,  21356, 19.45,  -1291,    417,  -1848
14:32:31.815 ->   -172,   3452,  15516, 19.54,   -638,    383,   -875
14:32:31.954 ->  -1880,   2896,  14044, 19.59,   -491,    447,  -1519
14:32:32.046 ->   -388,   4784,  16416, 19.49,     29,     94,  -1120
14:32:32.140 ->   -544,   4320,  21448, 19.54,   2471,    465,    717
14:32:32.233 ->  -3456,   3024,  19392, 19.54,    -52,   -734,   1390
14:32:32.327 ->    244,   3252,  14916, 19.64,  -2019,    770,   -267
14:32:32.470 ->   -376,   3416,  15104, 19.59,   -634,   2011,   -784
14:32:32.563 ->   1064,   4524,  15828, 19.59,   1444,    371,   -889
14:32:32.656 ->   3748,   5456,  18340, 19.59,   1592,  -1535,  -1240
14:32:32.750 ->  -1448,   5304,  18148, 19.59,  -1785,   1956,  -2499
14:32:32.842 ->  -1200,   3336,  19308, 19.49,   -263,     46,   -194
14:32:32.966 ->  -2808,   2268,  17844, 19.59,    373,   -314,    -57
14:32:33.064 ->    -40,   5012,  21284, 19.59,    962,    647,   -294
14:32:33.213 ->  -1584,   4148,  18736, 19.64,   1872,   1288,    571
14:32:33.269 ->   1436,   3868,  17828, 19.64,  -1323,  -1601,   1828
14:32:33.382 ->   2856,   4464,  16308, 19.64,      8,  -4114,   2641
14:32:33.478 ->   -900,   2984,  13864, 19.54,    600,  -1564,   -396
14:32:33.572 ->   1744,   5268,  15488, 19.59,   2306,    -53,  -2109
14:32:33.667 ->   1716,   5452,  20064, 19.59,   1126,   -176,  -1575
14:32:33.814 ->   2416,   5380,  18300, 19.49,   -593,   1419,  -2198
14:32:33.898 ->    604,   3496,  17844, 19.59,  -3186,    -16,  -2041
14:32:33.980 ->  -3476,   2604,  12260, 19.64,   -448,   1298,   -775
14:32:34.099 ->    280,   5060,  16052, 19.54,   1368,    892,   -236
14:32:34.219 ->  -2032,   4312,  20156, 19.64,   2438,   2704,   1137
14:32:34.300 ->  -1384,   3124,  21420, 19.64,  -2808,    766,   1222
14:32:34.402 ->    872,   2856,  17444, 19.64,  -1076,   -986,    656
14:32:34.529 ->  -2152,   2104,  15396, 19.59,  -1690,   -542,   -826
14:32:34.624 ->   -400,   4396,  15980, 19.54,   1186,  -1578,    985
14:32:34.715 ->  -1840,   3264,  17212, 19.64,   1709,  -1462,  -1142
14:32:34.799 ->    364,   3816,  20260, 19.54,  -3289,   -165,   -967
14:32:34.919 ->   -308,   2892,  21804, 19.68,   -853,   1741,  -1853
14:32:35.033 ->   1836,   3796,  14632, 19.68,   1542,   -490,      4
14:32:35.115 ->   1044,   4160,  13636, 19.68,    975,   -220,   -336
14:32:35.234 ->    576,   5104,  16352, 19.59,   1139,    662,    486
14:32:35.333 ->   1236,   4988,  19232, 19.68,  -1203,   3185,   -880
14:32:35.444 ->    392,   4216,  17340, 19.68,  -1756,    336,   1708
14:32:35.530 ->    264,   3096,  14728, 19.64,   -861,    -61,   -418
14:32:35.626 ->    960,   4324,  14460, 19.64,   1557,  -1828,   1906
14:32:35.729 ->    144,   4220,  16816, 19.64,   3613,  -1530,    496
14:32:35.866 ->   5628,   5012,  14964, 19.54,    164,   -454,  -4133
14:32:35.954 ->   1460,   4004,  19948, 19.73,   -409,    970,  -3570
14:32:36.048 ->   1468,   3796,  14956, 19.59,   -374,    102,  -2591
14:32:36.146 ->    300,   3892,  12328, 19.68,   1345,   -607,   -419
14:32:36.251 ->    308,   4804,  17060, 19.49,   2499,   -904,  -2150
14:32:36.367 ->   -136,   5816,  15440, 19.59,    939,   1677,    930
14:32:36.482 ->    812,   5336,  20236, 19.64,   -855,    -53,   3188
14:32:36.576 ->     60,   3260,  14216, 19.59,   -588,   -790,   2732
14:32:36.669 ->   1172,   3396,  12896, 19.59,   1514,  -1364,   3308
14:32:36.767 ->    944,   3856,  17392, 19.68,   2124,  -1117,   -188
14:32:36.867 ->   3860,   4540,  18248, 19.59,   1232,   -823,  -2370
14:32:36.984 ->   1176,   4260,  19672, 19.68,  -1970,    465,  -1816
14:32:37.084 ->   1968,   3512,  16644, 19.68,  -1945,  -1116,  -1774
14:32:37.218 ->   -268,   3436,  14764, 19.68,    451,   -170,    599
14:32:37.301 ->   1320,   5288,  17488, 19.64,   1958,    132,   -120
14:32:37.384 ->  -1980,   4460,  18564, 19.64,   4132,   1261,    728
14:32:37.524 ->  -2032,   4056,  20148, 19.73,     87,   -873,   2624
14:32:37.601 ->   -824,   2920,  18092, 19.64,  -3136,   -412,   1530
14:32:37.720 ->  -3116,   1868,  15076, 19.64,    -31,   -825,   1042
14:32:37.851 ->  -2360,   3740,  13868, 19.73,   2660,  -2155,   1498
14:32:37.908 ->   -788,   4348,  18952, 19.64,   -509,   1834,  -1570
14:32:38.022 ->   1928,   4284,  21912, 19.64,   -816,   1132,  -1066
14:32:38.103 ->   -384,   2320,  15720, 19.64,   -483,   1317,  -2931
14:32:38.222 ->  -2096,   3392,  14200, 19.68,    144,   -200,   -674
14:32:38.318 ->  -1164,   4740,  17656, 19.68,   1397,    995,   -205
14:32:38.421 ->  -2164,   3652,  20500, 19.68,   1990,    571,     51
14:32:38.535 ->  -2616,   3672,  19440, 19.73,  -1752,    264,    919
14:32:38.635 ->    352,   3532,  17160, 19.64,  -1297,  -1254,   1423
14:32:38.719 ->   -532,   2664,  17108, 19.64,  -1677,   -499,  -1093
14:32:38.841 ->    836,   4280,  14968, 19.68,    749,   -460,     43
14:32:38.953 ->    400,   4156,  18984, 19.68,   2084,   -942,  -1731
14:32:39.052 ->   -632,   3972,  22016, 19.68,   -705,   -274,  -3027
14:32:39.126 ->    736,   3212,  18672, 19.78,    829,    119,   -888
14:32:39.253 ->   -516,   4104,  12620, 19.64,  -1673,   -464,    121
14:32:39.356 ->   2252,   4740,  12180, 19.64,   -563,    427,    896
14:32:39.470 ->    296,   5012,  18520, 19.64,   1646,   2179,  -1314
14:32:39.554 ->   -416,   4748,  17168, 19.64,  -1390,   1164,   1023
14:32:39.669 ->  -1652,   3388,  18440, 19.64,    317,    835,    469
14:32:39.785 ->   -188,   3880,  17428, 19.73,   -961,   -978,    194
14:32:39.879 ->   1352,   4372,  12824, 19.68,    780,   -493,   1907
14:32:39.974 ->   -120,   4560,  15652, 19.59,   2760,    -65,  -1123
14:32:40.068 ->   2020,   5556,  18452, 19.68,   2773,  -1975,  -1658
14:32:40.169 ->   1244,   4496,  18448, 19.64,  -1242,  -1015,   -476
14:32:40.283 ->   1384,   3468,  16360, 19.73,   -686,   -817,  -1420
14:32:40.369 ->  -3232,   2892,  14436, 19.68,   1470,   -996,   -876
14:32:40.469 ->   -736,   5768,  16396, 19.59,    204,   -852,   -984
14:32:40.619 ->  -3360,   4148,  19572, 19.68,   1637,    657,    251
14:32:40.718 ->   -968,   4140,  20352, 19.68,  -1237,    -66,   1870
14:32:40.813 ->  -1480,   3336,  16968, 19.78,  -1331,    584,    401
14:32:40.897 ->  -1776,   2888,  16204, 19.73,   -244,    117,   1318
14:32:40.984 ->  -2444,   3620,  14424, 19.73,   1269,   -599,    -79
14:32:41.103 ->  -2088,   4356,  19456, 19.73,    495,   -616,   -254
14:32:41.220 ->  -1828,   3072,  20832, 19.68,  -1999,    975,   -761
14:32:41.316 ->    604,   3584,  17332, 19.78,   -723,   1448,  -1860
14:32:41.402 ->  -1540,   3756,  14164, 19.68,   -514,   1057,    -21
14:32:41.541 ->   -196,   3984,  15736, 19.68,    208,   -220,   -211
14:32:41.637 ->   -296,   4104,  19328, 19.68,    409,    -88,    -27
14:32:41.731 ->  -1064,   4988,  20020, 19.64,  -2078,   1225,  -1205
14:32:41.827 ->   -716,   3180,  17536, 19.73,     60,    482,    954
14:32:41.920 ->   -824,   3048,  15480, 19.68,  -1585,   1167,   -168
14:32:42.037 ->    120,   4240,  15068, 19.78,    773,    315,    608
14:32:42.152 ->    748,   4956,  16092, 19.64,   1187,    552,   -735
14:32:42.221 ->   3336,   5316,  18532, 19.73,   -108,   -396,  -2725
14:32:42.320 ->   -384,   3596,  19380, 19.68,   -536,    194,  -1464
14:32:42.454 ->    236,   4072,  15444, 19.68,  -1715,    718,  -1111
14:32:42.538 ->  -2752,   3168,  14712, 19.68,    632,    191,    293
14:32:42.638 ->  -1364,   5580,  17528, 19.73,   2463,    145,    346
14:32:42.733 ->  -1596,   4192,  18096, 19.73,   2171,    309,   1134
14:32:42.836 ->   -308,   4284,  19004, 19.68,  -1129,   -667,   1911
14:32:42.972 ->    164,   3544,  16696, 19.78,   -805,   -382,    255
14:32:43.055 ->  -1728,   3176,  14320, 19.68,    231,   -545,   1031
14:32:43.173 ->  -1432,   4292,  15672, 19.68,   1595,     82,    295
14:32:43.255 ->  -1596,   4960,  18424, 19.73,    658,   -768,      0
14:32:43.372 ->  -1288,   4580,  21192, 19.82,  -2098,    568,  -1128
14:32:43.454 ->    280,   4052,  15020, 19.68,   -505,    290,     29
14:32:43.572 ->  -2220,   3096,  14748, 19.68,  -1556,    -93,    651
14:32:43.694 ->   -684,   4504,  15720, 19.73,    247,     20,    981
14:32:43.788 ->   -384,   4484,  17192, 19.73,   1917,    340,   1030
14:32:43.876 ->   -152,   5684,  20728, 19.82,   -897,   1884,    490
14:32:43.978 ->  -1512,   4440,  16236, 19.64,   -329,   1691,   2116
14:32:44.090 ->    320,   4060,  15476, 19.73,  -1158,   1714,   1318
14:32:44.224 ->   -464,   4204,  13168, 19.78,    484,   -666,   2692
14:32:44.311 ->    188,   4544,  16608, 19.68,    527,    680,     61
14:32:44.392 ->   1828,   5028,  18860, 19.78,  -1920,     -9,  -2366
14:32:44.511 ->    116,   4560,  18132, 19.82,   -659,   1681,   -552
14:32:44.592 ->   -112,   3456,  16820, 19.73,  -1866,    428,  -1323
14:32:44.729 ->  -1916,   3268,  12252, 19.73,    219,   -409,   -569
14:32:44.818 ->   -700,   5580,  16892, 19.73,     16,    212,    430
14:32:44.920 ->  -3676,   4108,  19908, 19.68,   1257,   2306,   2624
14:32:45.008 ->  -5632,   4040,  21164, 19.78,    400,    397,   2240
14:32:45.109 ->  -1300,   2848,  16108, 19.68,  -1979,      8,   -308
14:32:45.241 ->  -1576,   3484,  13652, 19.73,  -1345,    445,    817
14:32:45.345 ->   1204,   4936,  13324, 19.73,   1381,   -789,    493
14:32:45.425 ->  -2120,   4144,  19836, 19.68,    726,  -1236,   -967
14:32:45.528 ->  -3692,   3556,  19888, 19.78,  -1003,   -459,  -3000
14:32:45.641 ->    168,   4112,  16032, 19.68,   -813,   -980,  -2203
14:32:45.727 ->  -1232,   3884,  14352, 19.78,   -832,    527,  -1820
14:32:45.840 ->   -120,   5156,  15224, 19.68,   -136,    233,  -1542
14:32:45.973 ->     96,   5136,  18216, 19.68,   2343,    398,  -1313
14:32:46.060 ->  -2948,   5512,  18316, 19.64,  -1256,   1735,   -302
14:32:46.157 ->   -644,   3880,  18540, 19.73,  -1047,    420,    666
14:32:46.240 ->    632,   4036,  13872, 19.78,   -617,   2500,  -2109
14:32:46.376 ->   2172,   4824,  12464, 19.68,   -269,    293,    439
14:32:46.458 ->    496,   4924,  17584, 19.78,    329,  -1215,      2
14:32:46.557 ->    248,   5224,  20232, 19.82,  -1332,  -1813,  -2613
14:32:46.657 ->   2228,   3708,  18116, 19.82,   1241,     39,  -1141
14:32:46.774 ->    884,   4596,  14712, 19.78,  -1764,   -192,  -1092
14:32:46.890 ->   -472,   4280,  12504, 19.68,  -1356,   -420,  -1064
14:32:46.978 ->   1308,   5928,  16512, 19.73,     97,   -123,   -721
14:32:47.091 ->   -492,   4460,  18412, 19.73,   1463,   -679,   1271
14:32:47.191 ->  -4388,   2960,  21808, 19.64,  -1677,   -116,   1467
14:32:47.274 ->     32,   3272,  16204, 19.73,   -294,  -1621,   3491
14:32:47.394 ->   -852,   2696,  17124, 19.78,  -1424,   -206,    747
14:32:47.478 ->    236,   4460,  13872, 19.78,   1228,   -369,    834
14:32:47.595 ->   -968,   4156,  19268, 19.68,   3521,   -695,    288
14:32:47.698 ->    648,   3720,  20268, 19.73,  -1334,    692,  -4123
14:32:47.809 ->    128,   3884,  14848, 19.73,   -831,    978,  -1224
14:32:47.894 ->    348,   4832,  14204, 19.78,  -2271,    153,   -569
14:32:47.993 ->   -492,   5328,  13548, 19.68,   1085,   -154,   1919
14:32:48.112 ->    224,   5172,  18312, 19.68,   2465,    422,    627
14:32:48.244 ->  -1304,   5804,  16780, 19.78,   -707,   2460,   1578
14:32:48.325 ->    304,   3848,  17004, 19.64,   -292,   1887,   3826
14:32:48.425 ->   -448,   3384,  15332, 19.73,  -1132,    502,   1035
14:32:48.525 ->   1360,   4116,  13344, 19.78,    917,  -1368,   2225
14:32:48.625 ->   2492,   5068,  16296, 19.68,    788,  -1397,    547
14:32:48.748 ->   1544,   4976,  18804, 19.68,    543,  -1340,  -2084
14:32:48.834 ->   1068,   3968,  19224, 19.73,    479,    894,   -614
14:32:48.943 ->  -2136,   2828,  18804, 19.73,  -2831,  -1046,  -1620
14:32:49.030 ->  -2984,   4004,  13376, 19.68,    830,    437,   -113
14:32:49.144 ->   -664,   6040,  16504, 19.59,   2561,     -6,   1370
14:32:49.230 ->  -1256,   4472,  17572, 19.64,   2178,    714,   3369
14:32:49.361 ->   -112,   4268,  19328, 19.73,   -614,    747,   3362
14:32:49.448 ->  -1336,   3660,  15172, 19.78,     47,    321,    490
14:32:49.555 ->  -3848,   3160,  14644, 19.68,    -31,  -1333,   1440
14:32:49.655 ->   -940,   4740,  16456, 19.64,   1745,   -994,   -320
14:32:49.748 ->   -232,   5136,  21936, 19.64,   1327,  -1887,  -1476
14:32:49.877 ->  -1516,   3908,  19508, 19.68,   -295,    777,  -2365
14:32:49.970 ->    764,   4076,  15064, 19.59,  -1308,    458,  -2236
14:32:50.052 ->  -2864,   3508,  14380, 19.59,   -604,    118,   -575
14:32:50.192 ->    416,   6312,  15464, 19.73,    124,    197,     35
14:32:50.290 ->  -2820,   4060,  17792, 19.64,   1808,    370,    882
14:32:50.373 ->  -3172,   3720,  20656, 19.78,  -1211,    582,   1785
14:32:50.470 ->  -1332,   3636,  16764, 19.78,  -1689,    771,   1498
14:32:50.592 ->    284,   3504,  14452, 19.68,  -1271,   1314,   -273
14:32:50.709 ->    116,   4508,  14816, 19.73,    935,   -216,   -258
14:32:50.776 ->  -1284,   4268,  19252, 19.82,   1198,   -383,  -2366
14:32:50.872 ->  -2068,   3164,  20856, 19.68,   -927,    595,  -4002
14:32:51.002 ->    704,   3936,  18472, 19.68,  -1541,    767,   -977
14:32:51.094 ->   1236,   5128,  14604, 19.73,   -387,   1090,  -1408
14:32:51.209 ->    848,   4976,  15052, 19.64,   -131,   -513,   1461
14:32:51.294 ->   1284,   5944,  18420, 19.82,   2363,   1368,   1205
14:32:51.394 ->   1676,   5544,  15032, 19.78,   1134,   1848,   1517
14:32:51.498 ->   1008,   5616,  17796, 19.68,     36,    223,   2444
14:32:51.610 ->    712,   3940,  14092, 19.78,  -1495,    245,    757
14:32:51.713 ->  -3136,   2976,  16336, 19.64,   -140,  -2354,   2388
14:32:51.846 ->   -344,   4728,  16992, 19.73,   1863,  -2376,    789
14:32:51.954 ->  -1812,   5392,  19000, 19.78,   2435,  -2121,  -1434
14:32:52.051 ->  -1356,   5812,  17904, 19.68,    378,   -184,  -3790
14:32:52.126 ->     84,   4208,  14884, 19.68,  -1542,   1904,  -1342
14:32:52.258 ->    100,   3412,  15612, 19.78,   -798,    310,  -1527
14:32:52.360 ->    936,   6096,  17680, 19.68,   -789,   1857,   1260
14:32:52.453 ->    856,   5056,  18888, 19.68,   3389,   1644,    708
14:32:52.528 ->  -3924,   3976,  20312, 19.73,  -2868,   2070,   1002
14:32:52.649 ->  -1056,   3496,  18140, 19.73,  -2820,   1762,     19
14:32:52.728 ->    520,   4040,  12636, 19.64,   -541,    461,    547
14:32:52.873 ->     48,   5132,  13208, 19.78,    641,  -1710,   1283
14:32:52.962 ->   -408,   4780,  17268, 19.68,   2805,  -1234,  -1084
14:32:53.047 ->  -1416,   5316,  19892, 19.68,  -2179,    198,  -2643
14:32:53.175 ->   -728,   3740,  20456, 19.73,     19,   -424,    327
14:32:53.269 ->   1572,   3728,  19048, 19.64,    386,    492,  -1283
14:32:53.395 ->    936,   5060,  15360, 19.68,   1472,    886,   1431
14:32:53.482 ->  -2076,   4800,  15468, 19.64,   2870,    832,  -1270
14:32:53.555 ->  -1468,   6456,  18724, 19.73,  -1758,   -935,   2405
14:32:53.670 ->  -1768,   4132,  15780, 19.68,  -3091,    186,   1032
14:32:53.773 ->   -292,   3704,  14492, 19.68,  -3296,    969,  -1358
14:32:53.895 ->    828,   4672,  14608, 19.68,    374,   -346,   1248
14:32:53.973 ->    708,   4204,  20676, 19.68,   1307,    283,  -3196
14:32:54.080 ->   -304,   4624,  21160, 19.68,  -2188,    154,  -3037
14:32:54.195 ->  -1132,   3704,  16184, 19.64,   -803,   -972,  -1632
14:32:54.296 ->   -120,   4204,  14636, 19.68,  -1095,    -54,   -562
14:32:54.396 ->   -644,   4244,  15212, 19.68,    563,    -62,    465
14:32:54.515 ->    188,   5044,  19544, 19.68,   3217,    436,    255
14:32:54.611 ->  -2300,   5624,  21432, 19.64,  -1309,   1869,    300
14:32:54.697 ->   -808,   3616,  15968, 19.64,  -2757,    211,   2423
14:32:54.801 ->    564,   4172,  13708, 19.64,  -1708,   1813,    805
14:32:54.899 ->   2116,   4920,  14132, 19.68,    843,   -718,   1790
14:32:54.996 ->   1984,   4408,  18228, 19.68,   3408,  -1239,  -1026
14:32:55.118 ->  -4360,   2736,  20512, 19.68,  -2552,   -199,  -3106
14:32:55.209 ->  -1384,   3496,  16792, 19.59,   -310,   -126,   -999
14:32:55.306 ->   -164,   4160,  14592, 19.73,      9,   1603,  -2376
14:32:55.413 ->     44,   4744,  12588, 19.73,    661,    148,     88
14:32:55.546 ->   -128,   5452,  19744, 19.73,    841,   1514,   -410
14:32:55.630 ->    604,   6724,  17196, 19.68,    570,   3287,   2089
14:32:55.753 ->   1176,   5876,  16220, 19.68,    254,   1659,   2380
14:32:55.833 ->  -1000,   3780,  16544, 19.68,  -1087,   -259,    501
14:32:55.954 ->  -3772,   3304,  14792, 19.78,    568,  -2370,   1985
14:32:56.026 ->   -908,   5192,  16760, 19.64,    854,  -1098,    128
14:32:56.152 ->    820,   6024,  18188, 19.73,    992,   -465,  -1658
14:32:56.251 ->    580,   5288,  19156, 19.73,   -630,    447,   -548
14:32:56.347 ->    580,   3976,  15172, 19.68,  -1098,   -338,  -1146
14:32:56.447 ->  -2344,   3540,  14856, 19.68,   -964,    727,    107
14:32:56.549 ->   -912,   5784,  17784, 19.73,    809,   1005,   1584
14:32:56.663 ->  -1268,   4344,  17400, 19.73,   1483,    891,   1872
14:32:56.764 ->  -1448,   4408,  18728, 19.73,  -1259,    946,   1920
14:32:56.862 ->   -460,   4140,  17848, 19.73,  -2339,    984,   1262
14:32:56.954 ->    732,   3792,  15740, 19.68,  -1344,   1450,   -689
14:32:57.091 ->    564,   4752,  15308, 19.78,    379,   -223,     51
14:32:57.181 ->   1828,   5068,  14288, 19.68,   1765,    -56,  -1955
14:32:57.282 ->  -1048,   4608,  19564, 19.68,  -1121,  -1202,  -2919
14:32:57.365 ->  -3220,   4052,  20104, 19.68,   -359,   -889,  -1545
14:32:57.485 ->  -1128,   4224,  16072, 19.68,     13,   -869,  -1598
14:32:57.612 ->  -1060,   4288,  13100, 19.64,    -68,   -649,   1123
14:32:57.697 ->   -344,   6432,  15752, 19.73,    999,    239,   1388
14:32:57.787 ->   1188,   5344,  17760, 19.64,   1532,   1195,   2618
14:32:57.924 ->  -1316,   4852,  18300, 19.73,  -2031,    652,   3872
14:32:58.035 ->   -188,   4388,  15584, 19.64,   -579,   -510,   2643
14:32:58.130 ->  -2340,   3012,  13888, 19.68,    413,  -1180,   4564
14:32:58.211 ->  -2440,   4460,  17688, 19.68,   1662,  -1146,   2794
14:32:58.304 ->  -4788,   4028,  19876, 19.78,   1711,   -311,   2138
14:32:58.403 ->   1008,   4908,  20036, 19.68,  -1682,    210,    861
14:32:58.494 ->  -1556,   3724,  16808, 19.68,    670,    243,   2318
14:32:58.605 ->   -848,   4148,  15052, 19.78,  -1057,   1946,   2521
14:32:58.703 ->   2012,   5736,  15752, 19.64,   -452,   2522,   3412
14:32:58.849 ->   2208,   5800,  15280, 19.64,   1235,   2556,   3373
14:32:58.944 ->   3264,   6596,  17708, 19.73,   2591,   1745,   4843
14:32:59.026 ->    324,   5096,  19180, 19.73,   -665,    457,   3769
14:32:59.123 ->  -3836,   2732,  15156, 19.73,  -1855,    373,   4447
14:32:59.265 ->  -3972,   2428,  13684, 19.68,   -182,   -354,   2315
14:32:59.358 ->   -800,   5136,  15772, 19.68,    819,   -554,   1937
14:32:59.452 ->    956,   5276,  16952, 19.68,   1530,   -991,   1457
14:32:59.546 ->    712,   4616,  20884, 19.73,   -626,   -177,    737
14:32:59.641 ->   -568,   3896,  14272, 19.73,    351,   1206,    624
14:32:59.769 ->  -1172,   4684,  15592, 19.68,   -589,   1487,    389
14:32:59.862 ->   -512,   5716,  15840, 19.68,    142,    393,   4014
14:32:59.942 ->    368,   5372,  16380, 19.73,   2085,   1243,   3474
14:33:00.085 ->  -1344,   4884,  18968, 19.78,   -295,    941,   4006
14:33:00.179 ->  -2624,   4640,  18864, 19.68,  -1412,    868,   7729
14:33:00.274 ->  -3448,   3372,  15544, 19.78,  -2101,   1502,   3043
14:33:00.368 ->   -820,   4404,  17248, 19.73,    671,    272,   5072
14:33:00.461 ->    828,   5300,  17088, 19.68,   1296,    131,   3398
14:33:00.602 ->   2460,   5304,  19732, 19.78,   2537,    -21,   1743
14:33:00.696 ->    504,   4780,  18708, 19.68,     82,   1331,   -375
14:33:00.791 ->   1308,   3688,  14976, 19.73,   -446,    385,   -387
14:33:00.886 ->  -2380,   3812,  14116, 19.73,   -548,    179,    601
14:33:00.981 ->   -328,   5680,  16496, 19.78,   -519,   1113,   1168
14:33:01.080 ->  -1384,   4644,  20072, 19.78,   1260,    551,   1296
14:33:01.196 ->  -1376,   4704,  19764, 19.68,   -915,    800,    209
14:33:01.290 ->     92,   3776,  14404, 19.78,  -2972,   1056,   1004
14:33:01.385 ->   -552,   3192,  16596, 19.68,   -784,   1963,   -527
14:33:01.517 ->   -128,   3976,  13300, 19.68,    761,   -666,    419
14:33:01.601 ->    324,   5280,  15872, 19.73,    218,    -89,   -316
14:33:01.701 ->   2764,   6312,  19292, 19.73,    496,  -1236,    183
14:33:01.823 ->   -444,   3892,  19780, 19.73,   -162,   -633,  -1763
14:33:01.899 ->   -368,   3664,  14564, 19.78,  -1353,  -1516,   -657
14:33:02.017 ->  -2024,   3628,  14508, 19.78,   -335,   -172,    508
14:33:02.134 ->    328,   5360,  17396, 19.68,    284,   -139,   -145
14:33:02.218 ->  -1368,   4436,  17936, 19.73,   2071,    758,   1224
14:33:02.352 ->  -2716,   4036,  18880, 19.82,   -976,   1064,   1192
14:33:02.451 ->  -4528,   2860,  17696, 19.78,  -1992,    550,    835
14:33:02.551 ->    700,   4032,  15408, 19.68,  -1706,   1066,   1273
14:33:02.626 ->   1988,   4712,  12752, 19.78,    969,   -224,   1018
14:33:02.751 ->    168,   5092,  17500, 19.78,   1061,    983,   -751
14:33:02.827 ->   -628,   4628,  20392, 19.82,   -675,   -360,  -1544
14:33:02.951 ->   -492,   3916,  18564, 19.73,   -590,    489,    262
14:33:03.035 ->    476,   4068,  16960, 19.78,  -1243,   -568,    690
14:33:03.151 ->  -1032,   4204,  13496, 19.78,   1210,   -514,   2525
14:33:03.255 ->   1188,   5756,  17388, 19.78,   1363,    957,   1363
14:33:03.369 ->   -988,   4932,  18068, 19.82,   1810,   1593,   1692
14:33:03.469 ->  -1596,   4928,  18812, 19.73,  -1053,   -295,   2628
14:33:03.569 ->  -3760,   3232,  16668, 19.82,   -917,    257,   2805
14:33:03.669 ->  -1972,   2824,  16152, 19.73,  -2030,   1349,   1810
14:33:03.775 ->   -588,   4368,  16592, 19.78,    472,    677,   1358
14:33:03.862 ->     -4,   4780,  18044, 19.68,    661,   -140,  -1158
14:33:03.986 ->    512,   3812,  18952, 19.78,   -667,     71,  -2124
14:33:04.059 ->   -140,   4220,  16332, 19.82,    566,    623,  -1600
14:33:04.186 ->    180,   4472,  15776, 19.73,   -776,    873,  -1196
14:33:04.269 ->    240,   4580,  12756, 19.78,    151,   -492,    -42
14:33:04.385 ->   1852,   6076,  18824, 19.78,   1000,    227,   -308
14:33:04.504 ->   1828,   6312,  16784, 19.68,   -311,     78,   1037
14:33:04.604 ->  -4960,   2756,  21008, 19.78,   -171,   -104,   2610
14:33:04.681 ->  -1168,   3328,  15844, 19.73,  -1179,   -293,    979
14:33:04.802 ->    232,   4904,  14364, 19.82,   1295,  -1790,   4034
14:33:04.919 ->    472,   4388,  15124, 19.82,   1791,     72,   2257
14:33:04.997 ->   2040,   5128,  16076, 19.78,    -65,    783,   -195
14:33:05.110 ->   1028,   4812,  21284, 19.78,  -1126,   1777,   -657
14:33:05.236 ->    976,   4028,  15024, 19.78,  -1178,    998,    742
14:33:05.320 ->  -1832,   3324,  14524, 19.73,  -1263,   1680,    731
14:33:05.420 ->    -28,   5164,  18084, 19.73,    292,   1793,    171
14:33:05.520 ->     16,   4056,  19072, 19.68,   1017,    350,    349
14:33:05.620 ->   -892,   4924,  18180, 19.87,    -51,   -662,   1836
14:33:05.723 ->   -340,   4140,  15364, 19.68,   -605,     36,   2143
14:33:05.820 ->  -1212,   3736,  16472, 19.73,  -1702,    235,    483
14:33:05.938 ->   -264,   4700,  15368, 19.73,     24,  -1107,   2397
14:33:06.033 ->  -1456,   4448,  18692, 19.78,   1150,  -1307,    575
14:33:06.130 ->  -1888,   3884,  18580, 19.78,  -1376,   1097,  -1583
14:33:06.223 ->  -2016,   4140,  17736, 19.78,    641,   1009,  -1029
14:33:06.365 ->  -1600,   3440,  16080, 19.78,   -878,    -46,    128
14:33:06.462 ->  -2712,   3356,  16680, 19.73,  -1046,   -167,   2070
14:33:06.558 ->   -664,   5032,  17192, 19.73,    348,    303,   2090
14:33:06.653 ->   -484,   4260,  19228, 19.82,   1017,   1441,   1961
14:33:06.771 ->    196,   4084,  18324, 19.73,   -796,   1425,   2425
14:33:06.888 ->   -316,   4164,  15308, 19.73,    121,   1602,   2826
14:33:06.990 ->  -1892,   3188,  17500, 19.87,  -1595,   1347,   2296
14:33:07.064 ->    -88,   4324,  16648, 19.78,    230,    497,   1941
14:33:07.154 ->   -344,   4568,  17224, 19.73,   1237,   -269,    791
14:33:07.271 ->    964,   5276,  16400, 19.73,    156,    712,  -1004
14:33:07.386 ->   1564,   5144,  18172, 19.78,     33,   1679,   -750
14:33:07.482 ->    -52,   3844,  15072, 19.68,  -1678,    847,   -748
14:33:07.576 ->  -1756,   3548,  15724, 19.68,   -853,   -846,    277
14:33:07.672 ->   -944,   4836,  17712, 19.68,    525,   -379,    816
14:33:07.769 ->   -756,   4288,  19588, 19.82,   1891,    570,    735
14:33:07.902 ->   -840,   4332,  18808, 19.73,   -771,      4,    763
14:33:07.995 ->     52,   3488,  17592, 19.78,    354,   -263,   1703
14:33:08.105 ->  -2440,   2848,  14900, 19.78,  -1712,    413,     -4
14:33:08.189 ->   -764,   4048,  13852, 19.73,    263,   -282,    -55
14:33:08.305 ->  -1488,   5132,  16084, 19.73,    402,   1447,  -1917
14:33:08.404 ->    920,   5484,  20500, 19.78,   -780,    522,  -3515
14:33:08.501 ->    112,   3016,  20696, 19.68,   -789,   -202,  -1254
14:33:08.595 ->     44,   3168,  17168, 19.68,  -1153,  -1780,  -2334
14:33:08.738 ->  -1252,   3604,  13576, 19.68,    127,   -576,   -187
14:33:08.832 ->    872,   5288,  17720, 19.64,    939,    696,  -1322
14:33:08.914 ->  -1556,   4412,  18884, 19.64,   1557,    423,    -15
14:33:09.059 ->  -2940,   3136,  20760, 19.78,    122,  -1173,   -674
14:33:09.154 ->   1800,   3212,  21132, 19.78,  -1467,  -1429,   -718
14:33:09.227 ->   -324,   2812,  16616, 19.78,   -333,   -649,  -2744
14:33:09.339 ->   -172,   3744,  15892, 19.73,    705,    -37,  -3042
14:33:09.434 ->  -1172,   4332,  18352, 19.68,    739,   -634,  -5294
14:33:09.527 ->  -2432,   3996,  20592, 19.78,  -1225,   -364,  -4937
14:33:09.623 ->   1112,   3708,  15932, 19.68,     -5,    830,  -3208
14:33:09.768 ->   -288,   4260,  16536, 19.78,  -1502,    190,  -4517
14:33:09.856 ->  -1180,   4544,  16920, 19.73,   1449,   -342,  -1594
14:33:09.937 ->  -1064,   5188,  16008, 19.73,   1968,     63,  -2059
14:33:10.055 ->    504,   6084,  16244, 19.73,   1173,   2511,  -1803
14:33:10.155 ->  -3488,   3272,  22988, 19.73,   1871,  -2609,    809
14:33:10.286 ->  -3256,   1628,  17040, 19.64,  -1161,  -1384,  -1553
14:33:10.387 ->    396,   3592,  16116, 19.78,   -858,   -185,   -543
14:33:10.456 ->  -1632,   4396,  16296, 19.68,   1125,   -469,   -295
14:33:10.570 ->    760,   4804,  19668, 19.78,   1337,   -877,  -2225
14:33:10.656 ->   -784,   3440,  17860, 19.64,   -902,  -1934,  -2702
14:33:10.773 ->    728,   3700,  14696, 19.82,  -1292,  -1513,  -3770
14:33:10.871 ->  -1772,   3868,  13956, 19.73,   -860,   1457,  -2548
14:33:11.002 ->   1036,   5520,  15180, 19.73,   -698,    724,  -1723
14:33:11.073 ->  -1148,   4512,  18152, 19.73,   1264,    611,   -206
14:33:11.203 ->  -1792,   5584,  18952, 19.73,  -1138,    732,   -213
14:33:11.291 ->  -2364,   3508,  16820, 19.73,    -82,    469,   2260
14:33:11.407 ->  -1316,   3356,  17516, 19.68,  -1781,    372,    422
14:33:11.490 ->    788,   3996,  14864, 19.78,    -69,   -378,   1931
14:33:11.606 ->   1044,   5040,  15092, 19.78,   1350,  -1228,    941
14:33:11.688 ->    904,   5252,  19424, 19.68,   1044,  -2039,   -363
14:33:11.791 ->  -1760,   2964,  20360, 19.73,   -372,  -1763,  -2618
14:33:11.891 ->   -208,   2728,  14288, 19.73,   -538,   -549,  -1695
14:33:12.025 ->   -924,   4212,  13908, 19.73,  -2381,   1779,  -2051
14:33:12.108 ->   -212,   4556,  15444, 19.78,   -336,    558,    644
14:33:12.224 ->    812,   5076,  16428, 19.78,   1617,   1226,    513
14:33:12.325 ->  -1624,   4736,  19336, 19.64,    435,   1617,   2014
14:33:12.408 ->  -1252,   4200,  17060, 19.64,   -264,   -228,   3410
14:33:12.525 ->  -1792,   2420,  16364, 19.68,  -1957,   -205,   1706
14:33:12.625 ->  -1592,   2920,  17176, 19.68,   -584,  -1742,   1056
14:33:12.725 ->   -948,   4192,  16432, 19.68,   1118,  -1381,    344
14:33:12.842 ->  -1512,   3924,  20768, 19.78,   1035,  -1183,  -1192
14:33:12.925 ->   2340,   4888,  16804, 19.68,    772,    -53,  -2328
14:33:13.025 ->    688,   4200,  14040, 19.78,   -113,   1021,  -2461
14:33:13.142 ->   1996,   5444,  14360, 19.73,   -929,   1015,  -1117
14:33:13.281 ->   1404,   5608,  13956, 19.73,    445,    -20,    884
14:33:13.348 ->  -1296,   5688,  18756, 19.73,   2286,    978,   1426
14:33:13.448 ->  -1116,   5000,  17004, 19.68,   1291,   2324,   2284
14:33:13.574 ->  -1908,   5132,  17916, 19.68,    157,    782,   4814
14:33:13.676 ->    380,   3604,  16364, 19.68,  -1467,   -121,   2523
14:33:13.759 ->  -2728,   2972,  16940, 19.64,    235,  -1341,   2534
14:33:13.875 ->   -960,   4788,  17380, 19.73,   2187,   -898,   1347
14:33:13.953 ->  -1136,   5560,  19708, 19.64,   1061,  -1282,     68
14:33:14.074 ->  -1152,   3892,  18136, 19.68,  -1194,   -803,  -1691
14:33:14.168 ->  -1128,   3780,  13016, 19.59,  -1684,   -465,  -1793
14:33:14.263 ->   -684,   4576,  14876, 19.64,  -2880,   1023,   -840
14:33:14.407 ->    172,   5648,  17648, 19.64,    416,    953,   1226
14:33:14.501 ->  -1164,   4368,  18516, 19.73,   2204,   1095,   1110
14:33:14.609 ->   -836,   4892,  17456, 19.64,   -960,   1413,   1499
14:33:14.693 ->   -896,   4116,  15936, 19.68,   -451,   -293,   2496
14:33:14.793 ->  -1704,   3308,  16220, 19.59,  -1206,    763,    965
14:33:14.910 ->   -292,   4556,  13352, 19.78,    932,  -1068,   2943
14:33:14.994 ->   1280,   5436,  17292, 19.68,   2399,   -731,   1253
14:33:15.125 ->   2500,   5596,  17816, 19.68,   1367,    147,  -1559
14:33:15.209 ->   -496,   3724,  19496, 19.68,  -1502,   -500,  -1562
14:33:15.327 ->   -420,   3564,  14932, 19.59,  -1054,   -713,  -2119
14:33:15.422 ->   -512,   4500,  15196, 19.73,  -1926,    308,  -1325
14:33:15.518 ->    408,   5612,  16104, 19.73,   -694,   -198,    389
14:33:15.603 ->  -1220,   4676,  17296, 19.64,    911,    162,   -239
14:33:15.744 ->  -1348,   5508,  17264, 19.68,  -1059,   1505,   1283
14:33:15.841 ->  -1068,   4060,  18104, 19.68,  -1641,    802,   3024
14:33:15.913 ->   -376,   3684,  15376, 19.59,   -907,   -460,    695
14:33:16.027 ->   -708,   3948,  14648, 19.68,    913,   -731,   2802
14:33:16.142 ->   1692,   5348,  16664, 19.59,   1452,   -981,   1331
14:33:16.233 ->   -184,   4700,  18848, 19.59,   1911,  -1258,   -617
14:33:16.344 ->    600,   4116,  18508, 19.73,  -1731,   -668,  -2486
14:33:16.439 ->    648,   3712,  14868, 19.64,      0,    274,  -1201
14:33:16.533 ->   1236,   4728,  15600, 19.64,   -415,    906,  -1592
14:33:16.664 ->   -952,   4656,  14892, 19.68,    189,     86,    347
14:33:16.745 ->   -384,   5508,  17864, 19.59,   1560,   1006,    711
14:33:16.861 ->  -1004,   6428,  17552, 19.68,   -805,   2286,   1789
14:33:16.962 ->     64,   5032,  17268, 19.59,   -538,   1510,   1835
14:33:17.061 ->    460,   3360,  15624, 19.64,   -564,    -91,    395
14:33:17.178 ->  -2344,   3448,  14704, 19.64,   -417,  -1508,   1375
14:33:17.262 ->    208,   5476,  15476, 19.64,   1375,  -1273,    -69
14:33:17.361 ->  -2516,   5160,  18824, 19.54,    469,  -1683,   -478
14:33:17.490 ->    504,   5112,  18304, 19.64,   -762,   -503,  -3094
14:33:17.587 ->    660,   3208,  19664, 19.49,  -2321,   -146,  -1450
14:33:17.680 ->  -1352,   4100,  14792, 19.59,   -408,    449,  -1039
14:33:17.778 ->   -360,   4856,  14512, 19.68,    -78,   1412,    -94
14:33:17.869 ->   -808,   4120,  19872, 19.59,   1209,   1400,   -274
14:33:17.978 ->  -3624,   4488,  20456, 19.64,   -376,   1828,    874
14:33:18.095 ->  -1308,   3664,  17156, 19.54,  -2121,    975,     -1
14:33:18.179 ->   2216,   4392,  15284, 19.54,  -1760,   1306,    470
14:33:18.295 ->   -124,   3996,  14036, 19.64,    391,  -1276,     10
14:33:18.412 ->   -328,   4004,  18072, 19.64,   1170,  -1418,   -907
14:33:18.486 ->  -2092,   3268,  21196, 19.54,  -1373,   -243,  -3845
14:33:18.623 ->   1140,   3356,  17112, 19.54,    -98,    527,  -2735
14:33:18.703 ->   -640,   3272,  18332, 19.68,   -345,    351,  -2446
14:33:18.795 ->  -2340,   3772,  14296, 19.59,    864,   -249,   -325
14:33:18.913 ->   -480,   5604,  15468, 19.54,   1041,     92,   1369
14:33:19.013 ->   1496,   4572,  17236, 19.73,   -660,   1141,   -279
14:33:19.105 ->  -1868,   3400,  18828, 19.59,  -1415,    399,   1659
14:33:19.229 ->  -1352,   2548,  16280, 19.59,  -1014,    563,   -832
14:33:19.330 ->   -736,   4160,  15364, 19.49,    -52,    735,    574
14:33:19.429 ->    640,   4300,  17120, 19.59,   1498,    342,    505
14:33:19.547 ->   1692,   4380,  18644, 19.49,    311,   -748,   -232
14:33:19.629 ->   -364,   4112,  18232, 19.64,  -1559,   -939,  -2048
14:33:19.763 ->   -188,   3648,  16548, 19.54,    525,    148,   -614
14:33:19.846 ->    384,   4260,  14352, 19.68,    -97,   -654,    923
14:33:19.930 ->   -580,   4044,  14000, 19.59,   -911,   -939,    732
14:33:20.046 ->    708,   5120,  17020, 19.64,    122,   1064,  -1476
14:33:20.163 ->   -372,   5480,  18068, 19.54,    941,   2064,   1499
14:33:20.263 ->   -604,   3424,  21192, 19.59,    -52,    -71,   1254
14:33:20.347 ->  -3264,   1740,  17276, 19.59,  -1014,   1090,    628
14:33:20.447 ->  -3728,   2756,  16248, 19.64,    493,   3204,    626
14:33:20.563 ->   1972,   4068,  11140, 19.64,   1841,   -643,   1361
14:33:20.696 ->  -1932,   4496,  13956, 19.64,   1466,  -2976,   1151
14:33:20.780 ->  -3612,   2372,  23704, 19.59,  -4341,   -374,  -1641
14:33:20.864 ->   2288,   2420,  14952, 19.59,   1873,  -1481,   -578
14:33:20.980 ->  -2112,   3060,  15272, 19.54,  -1084,     15,  -1985
14:33:21.080 ->   -668,   4596,  15088, 19.54,    653,    691,  -1654
14:33:21.181 ->   4468,   6412,  17148, 19.59,   3395,   -939,  -1101
14:33:21.297 ->  -2868,   4800,  18976, 19.59,   1757,   1274,   -757
14:33:21.380 ->  -2772,   3664,  18392, 19.59,   -857,   1158,   1579
14:33:21.497 ->  -2580,   3476,  17252, 19.64,  -2064,   -816,    339
14:33:21.598 ->  -3312,   3292,  15072, 19.64,   -767,  -1309,   1192
14:33:21.715 ->  -1724,   4836,  16556, 19.64,    543,    728,    157
14:33:21.798 ->    -48,   4784,  15412, 19.68,   -806,   1057,   -695
14:33:21.914 ->    -52,   4896,  18704, 19.59,   -961,   1095,  -2153
14:33:22.009 ->  -4444,   2716,  17660, 19.68,    -47,   1970,  -3388
14:33:22.098 ->  -3056,   6176,   8264, 19.64,  -1344,  -1006,  -2650
14:33:22.229 ->  -1820,   4348,  15100, 19.64,    414,   2430,    798
14:33:22.324 ->  -2004,   5236,  14588, 19.54,   1503,   -643,   1956
14:33:22.423 ->  -2480,   5132,  16976, 19.64,   -907,   2197,   2257
14:33:22.516 ->  -4444,   3448,  20584, 19.68,  -1573,   1767,    800
14:33:22.638 ->  -5532,   2532,  16608, 19.59,    692,     53,    992
14:33:22.734 ->   -452,   4320,  17244, 19.59,   -997,   -156,   -360
